1 Genetic : 9.180132 Moved
1 : 19.60745, 9.060324, 0.4737902, 55.82584, 16.32136, -1.207115, 1.635364, 55.82584
2 : -12.19191, 21.87345, -12.80494, -22.46865, -0.2784891, 31.60056, 15.15678, -22.46865
3 : -14.38382, 12.95123, 9.122557, -18.97083, -12.8611, -56.73598, 11.27949, -18.97083
4 : -8.810148, 30.39388, 1.688047, -36.65353, 11.24597, 8.011946, -5.329762, -36.65353

2 Genetic : 9.016826 Moved
1 : 7.721333, 12.95508, 7.550085, -10.28468, -12.99356, -8.023733, -8.534025, -10.28468
2 : 11.15513, -36.32188, -1.985849, -28.08614, 26.39295, -20.29288, -9.46811, -28.08614
3 : 22.96509, 23.75526, 24.74253, -15.21237, 9.808382, -36.45029, -14.91041, -15.21237
4 : 28.61147, -38.15453, 21.54884, 10.80915, 21.98052, 45.61263, 7.496328, 10.80915

3 Genetic : 7.691188 Moved
1 : -0.9031219, -38.90437, 13.61895, 7.726885, -2.678084, 54.96008, 6.253408, 7.726885
2 : -9.806256, -30.60937, -11.77255, 53.61498, -6.905549, -42.39457, -12.45028, 53.61498
3 : 20.70747, -39.03603, -9.464419, 43.0144, 2.078153, -9.675013, 24.01936, 43.0144
4 : 27.98321, -6.905273, 7.658554, -41.39973, 24.96548, 8.924181, 5.059385, -41.39973

4 Genetic : 7.162858 Moved
1 : 16.60911, -42.31396, 16.34892, 13.29552, 29.71755, -28.24792, -5.907692, 13.29552
2 : 21.07551, -30.55779, 4.258012, -44.34792, -6.15269, 25.69053, 0.5136156, -44.34792
3 : 1.241449, 52.02161, -2.110851, -11.18777, 1.091175, 33.09687, 6.179041, -11.18777
4 : 21.32631, 32.54338, 22.12867, -13.95809, -12.86296, -55.42274, 9.358629, -13.95809

5 Genetic : 6.728767 Moved
1 : -12.60267, 25.62927, 0.926734, -27.54092, -1.90806, 16.8242, 20.00767, -27.54092
2 : 9.198812, -34.72681, -4.307229, -8.138174, -0.3223, -55.97176, -11.10473, -8.138174
3 : 19.69263, 10.2122, 0.3980494, -47.74197, -4.773982, 3.186043, 28.69499, -47.74197
4 : 9.471625, -49.58439, -9.955602, 41.33972, -9.723865, 21.71914, 6.444592, 41.33972

6 Genetic : 6.524416 Moved
1 : -11.62656, 45.82276, -13.54999, -54.40451, 3.125942, -17.52268, 14.99766, -54.40451
2 : 20.36873, 21.6569, 5.608767, 45.13843, -1.701402, -26.79836, 5.173943, 45.13843
3 : -7.617847, 38.8986, 11.55369, 50.86611, 3.270937, 52.73795, 17.98123, 50.86611
4 : 15.12698, 59.78853, -11.36292, -28.70401, -9.061836, -13.19376, -8.699807, -28.70401

7 Genetic : 6.409223 Moved
1 : 5.350019, 42.44767, 1.541668, -56.08988, 9.091743, -15.60035, 0.1977482, -56.08988
2 : 19.41402, 32.73655, 2.738813, -45.00807, 20.61126, -31.83532, 23.67182, -45.00807
3 : 24.81463, 25.94773, 17.86515, -26.1404, 21.45426, 15.99091, 26.38422, -26.1404
4 : 29.35026, 3.510899, -6.808507, 57.9333, 18.33788, 51.94488, -1.215111, 57.9333

8 Genetic : 6.260018 Moved
1 : -12.26177, -51.69254, -10.76091, -41.43183, 0.1962891, -8.941589, 14.03175, -41.43183
2 : 19.96966, -24.0759, 1.191174, -49.97456, 21.72552, 41.22535, -1.023644, -49.97456
3 : -0.01179695, -37.66669, 14.90156, -3.52652, 14.77552, 50.21915, -8.827545, -3.52652
4 : -11.55445, -50.76254, 23.33776, 10.71103, 24.92498, -57.08311, -12.98763, 10.71103

9 Genetic : 6.002669 Moved
1 : 24.5261, -57.67094, 10.1549, -33.83852, 10.56506, 1.865967, 11.4116, -33.83852
2 : 13.23394, 5.963224, 9.611877, 41.98595, -4.555049, 39.01915, 5.684995, 41.98595
3 : 25.19834, 44.84946, 20.24459, -48.78625, 14.06401, 48.35239, 3.188421, -48.78625
4 : 16.30217, -29.04453, 9.901846, -16.87658, -12.47516, 43.99663, 21.91975, -16.87658

10 Genetic : 5.92036 Moved
1 : 23.23363, 34.40071, 1.248599, -3.855293, 23.24272, -38.43768, -1.395495, -3.855293
2 : 15.56339, -32.87392, -0.7475805, -12.61522, -4.356817, -46.83105, -2.637551, -12.61522
3 : -12.33981, -17.419, -2.065248, -26.90926, -8.111744, 8.524553, -3.618693, -26.90926
4 : 10.70053, -8.180786, 3.182987, 9.128944, 29.7516, -21.68035, 27.0128, 9.128944

11 Genetic : 5.401216 Moved
1 : 0.5390692, 57.26432, 15.04623, -48.33511, -0.4776487, 4.467051, 18.11616, -48.33511
2 : 6.908243, 41.91489, -12.79357, 36.02419, 12.37666, -45.59888, 12.69595, 36.02419
3 : 3.925798, 15.75409, 15.0272, -49.52943, 28.49815, -50.51151, -14.13687, -49.52943
4 : -8.211635, -53.15566, -4.085094, 41.23478, 17.98135, -22.26105, -14.33262, 41.23478

12 Genetic : 5.256739 Moved
1 : -6.622936, 54.72499, 29.01063, -16.66396, 27.71914, -26.86224, 5.411281, -16.66396
2 : 16.91621, 43.02203, 1.692, -55.37521, 29.74099, -57.31772, 20.06237, -55.37521
3 : 12.29002, 4.897949, -14.05122, 58.22725, 29.2283, 43.4754, -2.369674, 58.22725
4 : -3.460817, 43.58302, 12.1522, 58.28778, -7.696736, 33.90591, 24.40888, 58.28778

13 Genetic : 5.075677 Moved
1 : 5.801301, 38.4458, 22.09789, 59.26485, -11.2407, -2.033623, -14.89683, 59.26485
2 : 29.33052, -29.84842, -0.3349018, -42.14097, 4.252765, 47.5205, 18.39552, -42.14097
3 : 3.150028, -11.73122, -2.614951, -24.86459, 21.72394, -11.1383, 22.77417, -24.86459
4 : 12.18621, 36.66535, -0.95263, -30.31146, 23.03655, 13.15781, 14.94133, -30.31146

14 Genetic : 4.915542 Moved
1 : 20.03887, -12.11083, 12.27698, 19.70416, -8.425042, 51.9108, -14.35583, 19.70416
2 : 2.582451, -38.40415, -0.7690868, 16.65101, 7.414929, -22.62944, 24.49034, 16.65101
3 : 1.143023, 20.00926, -7.23302, 38.02235, 21.19484, -53.7718, -9.038409, 38.02235
4 : 12.57045, 52.29943, 16.75868, 39.17072, -3.594268, -15.61171, -8.550436, 39.17072

15 Genetic : 4.819374 Moved
1 : 4.615941, 2.805969, -5.01846, 16.4638, 19.80798, -28.64298, 3.11053, 16.4638
2 : -3.127628, -57.7538, -14.59729, 51.81898, -10.03483, 26.42785, 5.314962, 51.81898
3 : 4.467621, 32.50698, 25.68305, -31.46526, 26.63168, 47.6329, -1.232009, -31.46526
4 : -11.15849, -26.62647, 1.361022, -6.059967, 2.393989, 18.8482, 4.063723, -6.059967

16 Genetic : 4.402905 Moved
1 : 27.13126, 58.27055, 26.11962, 13.26331, -6.812176, -29.19483, 24.31112, 13.26331
2 : -7.901271, 49.15067, 29.53075, -13.29223, 7.673284, -15.66804, 11.43989, -13.29223
3 : 4.77991, -1.1427, 17.56049, -13.16286, 21.50947, 3.475147, 10.3408, -13.16286
4 : 6.572044, -6.545128, 13.71935, 19.06621, 18.94081, 20.03953, 22.56327, 19.06621

17 Genetic : 3.961723 Moved
1 : 3.823236, 27.45628, 25.45744, -45.75814, 19.99175, -58.13963, 4.521586, -45.75814
2 : 25.936, 51.97728, 11.92867, 19.81716, 21.30357, -26.40157, 27.8946, 19.81716
3 : -6.446403, -23.51205, 29.73608, -13.85315, 28.43482, -19.98409, 28.26291, -13.85315
4 : 5.093219, 12.43198, 3.790256, -21.79774, 19.9646, 49.11019, -2.829142, -21.79774

18 Genetic : 3.864373 Moved
1 : 27.46435, 39.80271, 23.14396, -16.19111, 2.92829, -18.74032, 29.91639, -16.19111
2 : -11.1133, 35.25315, -12.09493, 53.16232, 20.30149, -37.55544, -1.831064, 53.16232
3 : 13.48407, -44.42346, 28.04995, -21.68546, -7.786166, 49.8044, -12.50695, -21.68546
4 : 11.51125, -30.81293, 9.287882, 11.21733, 21.10839, -10.56665, 3.594535, 11.21733

19 Genetic : 3.74694 Moved
1 : -4.490107, -10.58681, -11.99206, 3.118881, -12.32869, 53.86453, 7.52234, 3.118881
2 : -12.32562, -39.43251, -9.372527, 55.53355, -10.92019, 41.34376, 22.40385, 55.53355
3 : -12.19184, 17.87557, 8.731833, 41.71458, -6.623499, -55.94248, 14.14373, 41.71458
4 : -13.39907, 38.04827, 8.921322, -19.47738, 20.60114, -42.06213, -12.22577, -19.47738

20 Genetic : 3.624502 Moved
1 : -5.177439, 9.290894, 11.37852, 50.5091, 14.20477, 54.96161, 12.83763, 50.5091
2 : 27.08108, 37.03478, -1.486229, -41.2569, 8.077558, 54.73312, 24.64187, -41.2569
3 : 15.02386, 4.878525, 5.093911, -32.31329, 23.56875, 59.25443, 24.90676, -32.31329
4 : 26.14016, -29.32462, 6.246719, -37.69891, -11.74093, -45.49536, 7.437078, -37.69891

21 Genetic : 3.476842 Moved
1 : 0.9215899, 23.04544, 23.55874, -7.501108, -14.05047, 54.72655, 17.53703, -7.501108
2 : 24.54245, 26.07134, 17.87612, 57.21969, 20.76937, -41.74982, -11.16194, 57.21969
3 : 9.274858, 0.930027, -2.509175, -59.49646, -13.28187, -48.73036, -9.082371, -59.49646
4 : 8.092057, -52.51144, 5.464463, 10.27986, 28.79211, 0.9545021, 19.98885, 10.27986

22 Genetic : 3.419094 Moved
1 : 24.63577, 20.6142, 21.01146, 21.85129, -5.334767, -14.1853, 3.404146, 21.85129
2 : 11.89254, 22.78225, 8.576159, -6.892626, -6.873888, 5.992979, -1.161295, -6.892626
3 : -1.552357, 51.18146, 16.91146, 59.69461, 16.7803, -28.92156, 19.15, 59.69461
4 : -2.722116, -27.47975, 27.48799, 24.13765, -12.09328, -19.35252, 27.11596, 24.13765

23 Genetic : 3.369587 Moved
1 : 2.136652, -25.41427, 26.14677, 19.28178, 5.338577, -30.8812, 15.1924, 19.28178
2 : -2.701029, -2.236027, -3.277349, 39.38007, 1.568876, 0.6825752, 6.584747, 39.38007
3 : 22.7031, -57.56463, -5.633131, 46.50563, 9.357353, -41.52786, 27.28049, 46.50563
4 : 17.1652, -37.54323, -12.38121, 15.72311, -13.12264, 7.97744, 13.97113, 15.72311

24 Genetic : 3.286475 Moved
1 : 13.19866, -37.56163, 8.330458, 5.882212, 8.231388, 37.91097, 5.861097, 5.882212
2 : 24.99207, 52.03388, 28.06142, -12.41091, 9.211081, 35.69791, 8.589887, -12.41091
3 : 24.42918, -47.74199, -8.47005, -45.31301, 24.82234, -1.154732, -9.752467, -45.31301
4 : 11.49002, 19.15589, -13.63196, -49.80496, 14.8876, 20.51408, 16.38452, -49.80496

25 Genetic : 3.265829 Moved
1 : 13.48254, 51.38242, 10.43015, 33.99327, 10.29735, 49.39973, 17.98734, 33.99327
2 : -12.42853, 50.96091, -12.25968, -27.61532, 4.231495, -49.66608, 8.925758, -27.61532
3 : -1.098677, 57.16607, 17.50713, 11.29003, -12.74218, -9.278976, 13.70376, 11.29003
4 : 10.16492, -56.95352, 22.92793, -29.99287, -11.07254, -6.25383, 16.80867, -29.99287

26 Genetic : 3.19299 Moved
1 : 20.21597, 39.1471, -0.2066813, -10.95336, 18.83647, 58.35561, 27.68274, -10.95336
2 : -5.667506, 40.30206, -6.289767, 29.48639, -14.80985, 31.24078, 24.88362, 29.48639
3 : -12.25325, -20.16937, 1.215168, -37.84236, -1.806956, 43.58741, 28.10808, -37.84236
4 : 12.86127, -47.35838, 5.511938, 12.22256, 11.41679, 26.8406, 16.18276, 12.22256

27 Genetic : 3.011221 Moved
1 : 20.73039, 20.99457, -10.08124, 42.01017, 15.08937, -35.84138, 12.97325, 42.01017
2 : 7.462811, -51.76614, 9.628099, -43.56733, -14.38688, 47.38026, -5.809502, -43.56733
3 : 10.75708, 53.25125, 11.11728, -38.34966, 17.1063, 16.93043, 12.56, -38.34966
4 : 18.54098, 54.69628, 28.33607, 0.08964157, 4.788531, 0.9580498, 9.427427, 0.08964157

28 Genetic : 2.943336 Moved
1 : -4.170548, -29.26603, -5.32664, -58.5378, -1.108681, -12.40931, -10.90033, -58.5378
2 : 0.1544189, 57.7133, 3.69669, -53.27222, -4.207982, -1.70628, -8.375894, -53.27222
3 : 13.17563, 28.89835, 5.430582, 28.5495, 14.27251, 23.15217, -0.1666737, 28.5495
4 : 4.308458, -30.28148, 22.53588, -56.80315, 11.5554, 6.722654, 29.99671, -56.80315

29 Genetic : 2.938025 Moved
1 : 16.38718, 38.10281, 11.07085, -20.22299, 7.95474, 28.1018, 29.98135, -20.22299
2 : 25.67377, -45.38117, 4.088646, -54.39511, -4.986354, 5.707603, 18.32574, -54.39511
3 : 20.674, 28.01493, -1.353599, 20.529, 25.65885, -25.73983, 0.4388189, 20.529
4 : 0.7066965, -57.05094, 25.29049, 35.0116, 0.1528797, -22.62267, -2.359873, 35.0116

30 Genetic : 2.932632 Moved
1 : 25.66194, -22.33554, 24.52951, -28.06558, -4.646775, -59.29166, 15.00343, -28.06558
2 : -13.71617, -33.72974, 23.71926, -21.7669, 11.73716, 4.615797, -9.848667, -21.7669
3 : 4.350526, 38.44646, 8.982437, -25.78386, 21.03074, -10.74109, -8.999174, -25.78386
4 : 29.36659, 36.96417, 26.91512, 31.81822, 12.146, -12.02016, 25.43736, 31.81822

31 Genetic : 2.848465 Moved
1 : 3.445645, -18.39361, 17.90944, -33.9603, 8.043552, 49.0033, 20.92403, -33.9603
2 : 15.84151, 46.82798, -6.742691, -31.16063, 23.01282, -6.579788, 5.10765, -31.16063
3 : 2.249299, 43.78435, -5.27439, -38.6293, 8.565048, -17.1654, 2.60693, -38.6293
4 : 10.36104, 2.939495, 8.706476, 17.62596, -11.31241, -17.39856, 28.63527, 17.62596

32 Genetic : 2.828223 Moved
1 : 24.37284, 54.29046, -2.237532, 44.86669, -4.338063, -41.94391, -8.990199, 44.86669
2 : 8.639866, 19.94842, 11.06145, 30.51709, 23.21467, -32.44498, 25.93876, 30.51709
3 : 15.83047, 52.64817, 21.60739, 32.72106, -7.794465, 47.13515, 3.252794, 32.72106
4 : -9.653065, 25.29816, -10.13033, -19.35826, 15.05077, -57.11974, 0.1094332, -19.35826

