1 Genetic : 13.58948 Moved
1 : 7.721333, 12.95508, 7.550085, -10.28468, -12.99356, -8.023733, -8.534025, -10.28468
2 : 11.15513, -36.32188, -1.985849, -28.08614, 26.39295, -20.29288, -9.46811, -28.08614
3 : 22.96509, 23.75526, 24.74253, -15.21237, 9.808382, -36.45029, -14.91041, -15.21237
4 : 28.61147, -38.15453, 21.54884, 10.80915, 21.98052, 45.61263, 7.496328, 10.80915

2 Genetic : 13.35622 Moved
1 : 7.721333, 12.95508, 7.550085, -10.28468, -12.99356, -8.023733, -8.534025, -10.28468
2 : 11.15513, -36.32188, -1.985849, -28.08614, 26.39295, -20.29288, -9.46811, -28.08614
3 : 22.96509, 23.75526, 24.74253, -15.21237, 9.808382, -36.45029, -14.91041, -15.21237
4 : 28.61147, -38.15453, 21.54884, 10.80915, 21.98052, 45.61263, 7.496328, 10.80915

3 Genetic : 13.33005 Moved
1 : 7.721333, 12.95508, 7.550085, -10.28468, -12.99356, -8.023733, -8.534025, -10.28468
2 : 11.15513, -36.32188, -1.985849, -28.08614, 26.39295, -20.29288, -9.46811, -28.08614
3 : 22.96509, 23.75526, 24.74253, -15.21237, 9.808382, -36.45029, -14.91041, -15.21237
4 : 28.61147, -38.15453, 21.54884, 10.80915, 21.98052, 45.61263, 7.496328, 10.80915

4 Genetic : 13.09597 Moved
1 : 7.721333, 12.95508, 7.550085, -10.28468, -12.99356, -8.023733, -8.534025, -10.28468
2 : 11.15513, -36.32188, -1.985849, -28.08614, 26.39295, -20.29288, -9.46811, -28.08614
3 : 22.96509, 23.75526, 24.74253, -15.21237, 9.808382, -36.45029, -14.91041, -15.21237
4 : 28.61147, -38.15453, 21.54884, 10.80915, 21.98052, 45.61263, 7.496328, 10.80915

5 Genetic : 13.08581 Moved
1 : 7.721333, 12.95508, 7.550085, -10.28468, -12.99356, -8.023733, -8.534025, -10.28468
2 : 11.15513, -36.32188, -1.985849, -28.08614, 26.39295, -20.29288, -9.46811, -28.08614
3 : 22.96509, 23.75526, 24.74253, -15.21237, 9.808382, -36.45029, -14.91041, -15.21237
4 : 28.61147, -38.15453, 21.54884, 10.80915, 21.98052, 45.61263, 7.496328, 10.80915

6 Genetic : 13.03303 Moved
1 : 7.721333, 12.95508, 7.550085, -10.28468, -12.99356, -8.023733, -8.534025, -10.28468
2 : 11.15513, -36.32188, -1.985849, -28.08614, 26.39295, -20.29288, -9.46811, -28.08614
3 : 22.96509, 23.75526, 24.74253, -15.21237, 9.808382, -36.45029, -14.91041, -15.21237
4 : 28.61147, -38.15453, 21.54884, 10.80915, 21.98052, 45.61263, 7.496328, 10.80915

7 Genetic : 13.0002 Moved
1 : 7.721333, 12.95508, 7.550085, -10.28468, -12.99356, -8.023733, -8.534025, -10.28468
2 : 11.15513, -36.32188, -1.985849, -28.08614, 26.39295, -20.29288, -9.46811, -28.08614
3 : 22.96509, 23.75526, 24.74253, -15.21237, 9.808382, -36.45029, -14.91041, -15.21237
4 : 28.61147, -38.15453, 21.54884, 10.80915, 21.98052, 45.61263, 7.496328, 10.80915

8 Genetic : 12.98256 Moved
1 : 7.721333, 12.95508, 7.550085, -10.28468, -12.99356, -8.023733, -8.534025, -10.28468
2 : 11.15513, -36.32188, -1.985849, -28.08614, 26.39295, -20.29288, -9.46811, -28.08614
3 : 22.96509, 23.75526, 24.74253, -15.21237, 9.808382, -36.45029, -14.91041, -15.21237
4 : 28.61147, -38.15453, 21.54884, 10.80915, 21.98052, 45.61263, 7.496328, 10.80915

9 Genetic : 12.94853 Moved
1 : 7.721333, 12.95508, 7.550085, -10.28468, -12.99356, -8.023733, -8.534025, -10.28468
2 : 11.15513, -36.32188, -1.985849, -28.08614, 26.39295, -20.29288, -9.46811, -28.08614
3 : 22.96509, 23.75526, 24.74253, -15.21237, 9.808382, -36.45029, -14.91041, -15.21237
4 : 28.61147, -38.15453, 21.54884, 10.80915, 21.98052, 45.61263, 7.496328, 10.80915

10 Genetic : 12.8723 Moved
1 : 7.721333, 12.95508, 7.550085, -10.28468, -12.99356, -8.023733, -8.534025, -10.28468
2 : 11.15513, -36.32188, -1.985849, -28.08614, 26.39295, -20.29288, -9.46811, -28.08614
3 : 22.96509, 23.75526, 24.74253, -15.21237, 9.808382, -36.45029, -14.91041, -15.21237
4 : 28.61147, -38.15453, 21.54884, 10.80915, 21.98052, 45.61263, 7.496328, 10.80915

11 Genetic : 12.58161 Moved
1 : 7.721333, 12.95508, 7.550085, -10.28468, -12.99356, -8.023733, -8.534025, -10.28468
2 : 11.15513, -36.32188, -1.985849, -28.08614, 26.39295, -20.29288, -9.46811, -28.08614
3 : 22.96509, 23.75526, 24.74253, -15.21237, 9.808382, -36.45029, -14.91041, -15.21237
4 : 28.61147, -38.15453, 21.54884, 10.80915, 21.98052, 45.61263, 7.496328, 10.80915

12 Genetic : 12.3948 Moved
1 : 7.721333, 12.95508, 7.550085, -10.28468, -12.99356, -8.023733, -8.534025, -10.28468
2 : 11.15513, -36.32188, -1.985849, -28.08614, 26.39295, -20.29288, -9.46811, -28.08614
3 : 22.96509, 23.75526, 24.74253, -15.21237, 9.808382, -36.45029, -14.91041, -15.21237
4 : 28.61147, -38.15453, 21.54884, 10.80915, 21.98052, 45.61263, 7.496328, 10.80915

13 Genetic : 12.36661 Moved
1 : 7.721333, 12.95508, 7.550085, -10.28468, -12.99356, -8.023733, -8.534025, -10.28468
2 : 11.15513, -36.32188, -1.985849, -28.08614, 26.39295, -20.29288, -9.46811, -28.08614
3 : 22.96509, 23.75526, 24.74253, -15.21237, 9.808382, -36.45029, -14.91041, -15.21237
4 : 28.61147, -38.15453, 21.54884, 10.80915, 21.98052, 45.61263, 7.496328, 10.80915

14 Genetic : 12.27122 Moved
1 : 7.721333, 12.95508, 7.550085, -10.28468, -12.99356, -8.023733, -8.534025, -10.28468
2 : 11.15513, -36.32188, -1.985849, -28.08614, 26.39295, -20.29288, -9.46811, -28.08614
3 : 22.96509, 23.75526, 24.74253, -15.21237, 9.808382, -36.45029, -14.91041, -15.21237
4 : 28.61147, -38.15453, 21.54884, 10.80915, 21.98052, 45.61263, 7.496328, 10.80915

15 Genetic : 12.14367 Moved
1 : 7.721333, 12.95508, 7.550085, -10.28468, -12.99356, -8.023733, -8.534025, -10.28468
2 : 11.15513, -36.32188, -1.985849, -28.08614, 26.39295, -20.29288, -9.46811, -28.08614
3 : 22.96509, 23.75526, 24.74253, -15.21237, 9.808382, -36.45029, -14.91041, -15.21237
4 : 28.61147, -38.15453, 21.54884, 10.80915, 21.98052, 45.61263, 7.496328, 10.80915

16 Genetic : 12.11364 Moved
1 : 7.721333, 12.95508, 7.550085, -10.28468, -12.99356, -8.023733, -8.534025, -10.28468
2 : 11.15513, -36.32188, -1.985849, -28.08614, 26.39295, -20.29288, -9.46811, -28.08614
3 : 22.96509, 23.75526, 24.74253, -15.21237, 9.808382, -36.45029, -14.91041, -15.21237
4 : 28.61147, -38.15453, 21.54884, 10.80915, 21.98052, 45.61263, 7.496328, 10.80915

17 Genetic : 12.09012 Moved
1 : 7.721333, 12.95508, 7.550085, -10.28468, -12.99356, -8.023733, -8.534025, -10.28468
2 : 11.15513, -36.32188, -1.985849, -28.08614, 26.39295, -20.29288, -9.46811, -28.08614
3 : 22.96509, 23.75526, 24.74253, -15.21237, 9.808382, -36.45029, -14.91041, -15.21237
4 : 28.61147, -38.15453, 21.54884, 10.80915, 21.98052, 45.61263, 7.496328, 10.80915

18 Genetic : 11.8492 Moved
1 : 7.721333, 12.95508, 7.550085, -10.28468, -12.99356, -8.023733, -8.534025, -10.28468
2 : 11.15513, -36.32188, -1.985849, -28.08614, 26.39295, -20.29288, -9.46811, -28.08614
3 : 22.96509, 23.75526, 24.74253, -15.21237, 9.808382, -36.45029, -14.91041, -15.21237
4 : 28.61147, -38.15453, 21.54884, 10.80915, 21.98052, 45.61263, 7.496328, 10.80915

19 Genetic : 11.79654 Moved
1 : 7.721333, 12.95508, 7.550085, -10.28468, -12.99356, -8.023733, -8.534025, -10.28468
2 : 11.15513, -36.32188, -1.985849, -28.08614, 26.39295, -20.29288, -9.46811, -28.08614
3 : 22.96509, 23.75526, 24.74253, -15.21237, 9.808382, -36.45029, -14.91041, -15.21237
4 : 28.61147, -38.15453, 21.54884, 10.80915, 21.98052, 45.61263, 7.496328, 10.80915

20 Genetic : 11.71799 Moved
1 : 7.721333, 12.95508, 7.550085, -10.28468, -12.99356, -8.023733, -8.534025, -10.28468
2 : 11.15513, -36.32188, -1.985849, -28.08614, 26.39295, -20.29288, -9.46811, -28.08614
3 : 22.96509, 23.75526, 24.74253, -15.21237, 9.808382, -36.45029, -14.91041, -15.21237
4 : 28.61147, -38.15453, 21.54884, 10.80915, 21.98052, 45.61263, 7.496328, 10.80915

21 Genetic : 11.69576 Moved
1 : 7.721333, 12.95508, 7.550085, -10.28468, -12.99356, -8.023733, -8.534025, -10.28468
2 : 11.15513, -36.32188, -1.985849, -28.08614, 26.39295, -20.29288, -9.46811, -28.08614
3 : 22.96509, 23.75526, 24.74253, -15.21237, 9.808382, -36.45029, -14.91041, -15.21237
4 : 28.61147, -38.15453, 21.54884, 10.80915, 21.98052, 45.61263, 7.496328, 10.80915

22 Genetic : 11.67367 Moved
1 : 7.721333, 12.95508, 7.550085, -10.28468, -12.99356, -8.023733, -8.534025, -10.28468
2 : 11.15513, -36.32188, -1.985849, -28.08614, 26.39295, -20.29288, -9.46811, -28.08614
3 : 22.96509, 23.75526, 24.74253, -15.21237, 9.808382, -36.45029, -14.91041, -15.21237
4 : 28.61147, -38.15453, 21.54884, 10.80915, 21.98052, 45.61263, 7.496328, 10.80915

23 Genetic : 11.63098 Moved
1 : 7.721333, 12.95508, 7.550085, -10.28468, -12.99356, -8.023733, -8.534025, -10.28468
2 : 11.15513, -36.32188, -1.985849, -28.08614, 26.39295, -20.29288, -9.46811, -28.08614
3 : 22.96509, 23.75526, 24.74253, -15.21237, 9.808382, -36.45029, -14.91041, -15.21237
4 : 28.61147, -38.15453, 21.54884, 10.80915, 21.98052, 45.61263, 7.496328, 10.80915

24 Genetic : 11.58564 Moved
1 : 7.721333, 12.95508, 7.550085, -10.28468, -12.99356, -8.023733, -8.534025, -10.28468
2 : 11.15513, -36.32188, -1.985849, -28.08614, 26.39295, -20.29288, -9.46811, -28.08614
3 : 22.96509, 23.75526, 24.74253, -15.21237, 9.808382, -36.45029, -14.91041, -15.21237
4 : 28.61147, -38.15453, 21.54884, 10.80915, 21.98052, 45.61263, 7.496328, 10.80915

25 Genetic : 11.57855 Moved
1 : 7.721333, 12.95508, 7.550085, -10.28468, -12.99356, -8.023733, -8.534025, -10.28468
2 : 11.15513, -36.32188, -1.985849, -28.08614, 26.39295, -20.29288, -9.46811, -28.08614
3 : 22.96509, 23.75526, 24.74253, -15.21237, 9.808382, -36.45029, -14.91041, -15.21237
4 : 28.61147, -38.15453, 21.54884, 10.80915, 21.98052, 45.61263, 7.496328, 10.80915

26 Genetic : 11.39702 Moved
1 : 7.721333, 12.95508, 7.550085, -10.28468, -12.99356, -8.023733, -8.534025, -10.28468
2 : 11.15513, -36.32188, -1.985849, -28.08614, 26.39295, -20.29288, -9.46811, -28.08614
3 : 22.96509, 23.75526, 24.74253, -15.21237, 9.808382, -36.45029, -14.91041, -15.21237
4 : 28.61147, -38.15453, 21.54884, 10.80915, 21.98052, 45.61263, 7.496328, 10.80915

27 Genetic : 11.36574 Moved
1 : 7.721333, 12.95508, 7.550085, -10.28468, -12.99356, -8.023733, -8.534025, -10.28468
2 : 11.15513, -36.32188, -1.985849, -28.08614, 26.39295, -20.29288, -9.46811, -28.08614
3 : 22.96509, 23.75526, 24.74253, -15.21237, 9.808382, -36.45029, -14.91041, -15.21237
4 : 28.61147, -38.15453, 21.54884, 10.80915, 21.98052, 45.61263, 7.496328, 10.80915

28 Genetic : 11.22413 Moved
1 : 7.721333, 12.95508, 7.550085, -10.28468, -12.99356, -8.023733, -8.534025, -10.28468
2 : 11.15513, -36.32188, -1.985849, -28.08614, 26.39295, -20.29288, -9.46811, -28.08614
3 : 22.96509, 23.75526, 24.74253, -15.21237, 9.808382, -36.45029, -14.91041, -15.21237
4 : 28.61147, -38.15453, 21.54884, 10.80915, 21.98052, 45.61263, 7.496328, 10.80915

29 Genetic : 11.19355 Moved
1 : 7.721333, 12.95508, 7.550085, -10.28468, -12.99356, -8.023733, -8.534025, -10.28468
2 : 11.15513, -36.32188, -1.985849, -28.08614, 26.39295, -20.29288, -9.46811, -28.08614
3 : 22.96509, 23.75526, 24.74253, -15.21237, 9.808382, -36.45029, -14.91041, -15.21237
4 : 28.61147, -38.15453, 21.54884, 10.80915, 21.98052, 45.61263, 7.496328, 10.80915

30 Genetic : 11.1056 Moved
1 : 7.721333, 12.95508, 7.550085, -10.28468, -12.99356, -8.023733, -8.534025, -10.28468
2 : 11.15513, -36.32188, -1.985849, -28.08614, 26.39295, -20.29288, -9.46811, -28.08614
3 : 22.96509, 23.75526, 24.74253, -15.21237, 9.808382, -36.45029, -14.91041, -15.21237
4 : 28.61147, -38.15453, 21.54884, 10.80915, 21.98052, 45.61263, 7.496328, 10.80915

31 Genetic : 11.10021 Moved
1 : 7.721333, 12.95508, 7.550085, -10.28468, -12.99356, -8.023733, -8.534025, -10.28468
2 : 11.15513, -36.32188, -1.985849, -28.08614, 26.39295, -20.29288, -9.46811, -28.08614
3 : 22.96509, 23.75526, 24.74253, -15.21237, 9.808382, -36.45029, -14.91041, -15.21237
4 : 28.61147, -38.15453, 21.54884, 10.80915, 21.98052, 45.61263, 7.496328, 10.80915

32 Genetic : 11.07596 Moved
1 : 7.721333, 12.95508, 7.550085, -10.28468, -12.99356, -8.023733, -8.534025, -10.28468
2 : 11.15513, -36.32188, -1.985849, -28.08614, 26.39295, -20.29288, -9.46811, -28.08614
3 : 22.96509, 23.75526, 24.74253, -15.21237, 9.808382, -36.45029, -14.91041, -15.21237
4 : 28.61147, -38.15453, 21.54884, 10.80915, 21.98052, 45.61263, 7.496328, 10.80915

