1 Genetic : 12.0837 Moved
1 : 16.60911, -42.31396, 16.34892, 13.29552, 29.71755, -28.24792, -5.907692, 13.29552
2 : 21.07551, -30.55779, 4.258012, -44.34792, -6.15269, 25.69053, 0.5136156, -44.34792
3 : 1.241449, 52.02161, -2.110851, -11.18777, 1.091175, 33.09687, 6.179041, -11.18777
4 : 21.32631, 32.54338, 22.12867, -13.95809, -12.86296, -55.42274, 9.358629, -13.95809

2 Genetic : 10.60721 Moved
1 : 16.60911, -42.31396, 16.34892, 13.29552, 29.71755, -28.24792, -5.907692, 13.29552
2 : 21.07551, -30.55779, 4.258012, -44.34792, -6.15269, 25.69053, 0.5136156, -44.34792
3 : 1.241449, 52.02161, -2.110851, -11.18777, 1.091175, 33.09687, 6.179041, -11.18777
4 : 21.32631, 32.54338, 22.12867, -13.95809, -12.86296, -55.42274, 9.358629, -13.95809

3 Genetic : 10.46469 Moved
1 : 16.60911, -42.31396, 16.34892, 13.29552, 29.71755, -28.24792, -5.907692, 13.29552
2 : 21.07551, -30.55779, 4.258012, -44.34792, -6.15269, 25.69053, 0.5136156, -44.34792
3 : 1.241449, 52.02161, -2.110851, -11.18777, 1.091175, 33.09687, 6.179041, -11.18777
4 : 21.32631, 32.54338, 22.12867, -13.95809, -12.86296, -55.42274, 9.358629, -13.95809

4 Genetic : 10.21657 Moved
1 : -12.60267, 25.62927, 0.926734, -27.54092, -1.90806, 16.8242, 20.00767, -27.54092
2 : 9.198812, -34.72681, -4.307229, -8.138174, -0.3223, -55.97176, -11.10473, -8.138174
3 : 19.69263, 10.2122, 0.3980494, -47.74197, -4.773982, 3.186043, 28.69499, -47.74197
4 : 9.471625, -49.58439, -9.955602, 41.33972, -9.723865, 21.71914, 6.444592, 41.33972

5 Genetic : 9.875957 Moved
1 : 16.60911, -42.31396, 16.34892, 13.29552, 29.71755, -28.24792, -5.907692, 13.29552
2 : 21.07551, -30.55779, 4.258012, -44.34792, -6.15269, 25.69053, 0.5136156, -44.34792
3 : 1.241449, 52.02161, -2.110851, -11.18777, 1.091175, 33.09687, 6.179041, -11.18777
4 : 21.32631, 32.54338, 22.12867, -13.95809, -12.86296, -55.42274, 9.358629, -13.95809

6 Genetic : 9.650003 Moved
1 : -12.60267, 25.62927, 0.926734, -27.54092, -1.90806, 16.8242, 20.00767, -27.54092
2 : 9.198812, -34.72681, -4.307229, -8.138174, -0.3223, -55.97176, -11.10473, -8.138174
3 : 19.69263, 10.2122, 0.3980494, -47.74197, -4.773982, 3.186043, 28.69499, -47.74197
4 : 9.471625, -49.58439, -9.955602, 41.33972, -9.723865, 21.71914, 6.444592, 41.33972

7 Genetic : 9.36419 Moved
1 : 7.721333, 12.95508, 7.550085, -10.28468, -12.99356, -8.023733, -8.534025, -10.28468
2 : 11.15513, -36.32188, -1.985849, -28.08614, 26.39295, -20.29288, -9.46811, -28.08614
3 : 22.96509, 23.75526, 24.74253, -15.21237, 9.808382, -36.45029, -14.91041, -15.21237
4 : 28.61147, -38.15453, 21.54884, 10.80915, 21.98052, 45.61263, 7.496328, 10.80915

8 Genetic : 9.062562 Moved
1 : 7.721333, 12.95508, 7.550085, -10.28468, -12.99356, -8.023733, -8.534025, -10.28468
2 : 11.15513, -36.32188, -1.985849, -28.08614, 26.39295, -20.29288, -9.46811, -28.08614
3 : 22.96509, 23.75526, 24.74253, -15.21237, 9.808382, -36.45029, -14.91041, -15.21237
4 : 28.61147, -38.15453, 21.54884, 10.80915, 21.98052, 45.61263, 7.496328, 10.80915

9 Genetic : 8.934263 Moved
1 : -12.60267, 25.62927, 0.926734, -27.54092, -1.90806, 16.8242, 20.00767, -27.54092
2 : 9.198812, -34.72681, -4.307229, -8.138174, -0.3223, -55.97176, -11.10473, -8.138174
3 : 19.69263, 10.2122, 0.3980494, -47.74197, -4.773982, 3.186043, 28.69499, -47.74197
4 : 9.471625, -49.58439, -9.955602, 41.33972, -9.723865, 21.71914, 6.444592, 41.33972

10 Genetic : 8.641907 Moved
1 : -0.9031219, -38.90437, 13.61895, 7.726885, -2.678084, 54.96008, 6.253408, 7.726885
2 : -9.806256, -30.60937, -11.77255, 53.61498, -6.905549, -42.39457, -12.45028, 53.61498
3 : 20.70747, -39.03603, -9.464419, 43.0144, 2.078153, -9.675013, 24.01936, 43.0144
4 : 27.98321, -6.905273, 7.658554, -41.39973, 24.96548, 8.924181, 5.059385, -41.39973

11 Genetic : 8.531839 Moved
1 : 3.445645, -18.39361, 17.90944, -33.9603, 8.043552, 49.0033, 20.92403, -33.9603
2 : 15.84151, 46.82798, -6.742691, -31.16063, 23.01282, -6.579788, 5.10765, -31.16063
3 : 2.249299, 43.78435, -5.27439, -38.6293, 8.565048, -17.1654, 2.60693, -38.6293
4 : 10.36104, 2.939495, 8.706476, 17.62596, -11.31241, -17.39856, 28.63527, 17.62596

12 Genetic : 8.391321 Moved
1 : 16.60911, -42.31396, 16.34892, 13.29552, 29.71755, -28.24792, -5.907692, 13.29552
2 : 21.07551, -30.55779, 4.258012, -44.34792, -6.15269, 25.69053, 0.5136156, -44.34792
3 : 1.241449, 52.02161, -2.110851, -11.18777, 1.091175, 33.09687, 6.179041, -11.18777
4 : 21.32631, 32.54338, 22.12867, -13.95809, -12.86296, -55.42274, 9.358629, -13.95809

13 Genetic : 7.932323 Moved
1 : -0.9031219, -38.90437, 13.61895, 7.726885, -2.678084, 54.96008, 6.253408, 7.726885
2 : -9.806256, -30.60937, -11.77255, 53.61498, -6.905549, -42.39457, -12.45028, 53.61498
3 : 20.70747, -39.03603, -9.464419, 43.0144, 2.078153, -9.675013, 24.01936, 43.0144
4 : 27.98321, -6.905273, 7.658554, -41.39973, 24.96548, 8.924181, 5.059385, -41.39973

14 Genetic : 7.888436 Moved
1 : 7.721333, 12.95508, 7.550085, -10.28468, -12.99356, -8.023733, -8.534025, -10.28468
2 : 11.15513, -36.32188, -1.985849, -28.08614, 26.39295, -20.29288, -9.46811, -28.08614
3 : 22.96509, 23.75526, 24.74253, -15.21237, 9.808382, -36.45029, -14.91041, -15.21237
4 : 28.61147, -38.15453, 21.54884, 10.80915, 21.98052, 45.61263, 7.496328, 10.80915

15 Genetic : 7.844152 Moved
1 : 5.801301, 38.4458, 22.09789, 59.26485, -11.2407, -2.033623, -14.89683, 59.26485
2 : 29.33052, -29.84842, -0.3349018, -42.14097, 4.252765, 47.5205, 18.39552, -42.14097
3 : 3.150028, -11.73122, -2.614951, -24.86459, 21.72394, -11.1383, 22.77417, -24.86459
4 : 12.18621, 36.66535, -0.95263, -30.31146, 23.03655, 13.15781, 14.94133, -30.31146

16 Genetic : 7.7569 Moved
1 : -12.60267, 25.62927, 0.926734, -27.54092, -1.90806, 16.8242, 20.00767, -27.54092
2 : 9.198812, -34.72681, -4.307229, -8.138174, -0.3223, -55.97176, -11.10473, -8.138174
3 : 19.69263, 10.2122, 0.3980494, -47.74197, -4.773982, 3.186043, 28.69499, -47.74197
4 : 9.471625, -49.58439, -9.955602, 41.33972, -9.723865, 21.71914, 6.444592, 41.33972

17 Genetic : 7.600797 Moved
1 : 7.721333, 12.95508, 7.550085, -10.28468, -12.99356, -8.023733, -8.534025, -10.28468
2 : 11.15513, -36.32188, -1.985849, -28.08614, 26.39295, -20.29288, -9.46811, -28.08614
3 : 22.96509, 23.75526, 24.74253, -15.21237, 9.808382, -36.45029, -14.91041, -15.21237
4 : 28.61147, -38.15453, 21.54884, 10.80915, 21.98052, 45.61263, 7.496328, 10.80915

18 Genetic : 7.269501 Moved
1 : 19.60745, 9.060324, 0.4737902, 55.82584, 16.32136, -1.207115, 1.635364, 55.82584
2 : -12.19191, 21.87345, -12.80494, -22.46865, -0.2784891, 31.60056, 15.15678, -22.46865
3 : -14.38382, 12.95123, 9.122557, -18.97083, -12.8611, -56.73598, 11.27949, -18.97083
4 : -8.810148, 30.39388, 1.688047, -36.65353, 11.24597, 8.011946, -5.329762, -36.65353

19 Genetic : 6.605288 Moved
1 : 5.350019, 42.44767, 1.541668, -56.08988, 9.091743, -15.60035, 0.1977482, -56.08988
2 : 19.41402, 32.73655, 2.738813, -45.00807, 20.61126, -31.83532, 23.67182, -45.00807
3 : 24.81463, 25.94773, 17.86515, -26.1404, 21.45426, 15.99091, 26.38422, -26.1404
4 : 29.35026, 3.510899, -6.808507, 57.9333, 18.33788, 51.94488, -1.215111, 57.9333

20 Genetic : 6.573791 Moved
1 : 5.801301, 38.4458, 22.09789, 59.26485, -11.2407, -2.033623, -14.89683, 59.26485
2 : 29.33052, -29.84842, -0.3349018, -42.14097, 4.252765, 47.5205, 18.39552, -42.14097
3 : 3.150028, -11.73122, -2.614951, -24.86459, 21.72394, -11.1383, 22.77417, -24.86459
4 : 12.18621, 36.66535, -0.95263, -30.31146, 23.03655, 13.15781, 14.94133, -30.31146

21 Genetic : 6.497005 Moved
1 : 7.721333, 12.95508, 7.550085, -10.28468, -12.99356, -8.023733, -8.534025, -10.28468
2 : 11.15513, -36.32188, -1.985849, -28.08614, 26.39295, -20.29288, -9.46811, -28.08614
3 : 22.96509, 23.75526, 24.74253, -15.21237, 9.808382, -36.45029, -14.91041, -15.21237
4 : 28.61147, -38.15453, 21.54884, 10.80915, 21.98052, 45.61263, 7.496328, 10.80915

22 Genetic : 6.481381 Moved
1 : -4.490107, -10.58681, -11.99206, 3.118881, -12.32869, 53.86453, 7.52234, 3.118881
2 : -12.32562, -39.43251, -9.372527, 55.53355, -10.92019, 41.34376, 22.40385, 55.53355
3 : -12.19184, 17.87557, 8.731833, 41.71458, -6.623499, -55.94248, 14.14373, 41.71458
4 : -13.39907, 38.04827, 8.921322, -19.47738, 20.60114, -42.06213, -12.22577, -19.47738

23 Genetic : 6.311288 Moved
1 : 4.615941, 2.805969, -5.01846, 16.4638, 19.80798, -28.64298, 3.11053, 16.4638
2 : -3.127628, -57.7538, -14.59729, 51.81898, -10.03483, 26.42785, 5.314962, 51.81898
3 : 4.467621, 32.50698, 25.68305, -31.46526, 26.63168, 47.6329, -1.232009, -31.46526
4 : -11.15849, -26.62647, 1.361022, -6.059967, 2.393989, 18.8482, 4.063723, -6.059967

24 Genetic : 6.308301 Moved
1 : -0.9031219, -38.90437, 13.61895, 7.726885, -2.678084, 54.96008, 6.253408, 7.726885
2 : -9.806256, -30.60937, -11.77255, 53.61498, -6.905549, -42.39457, -12.45028, 53.61498
3 : 20.70747, -39.03603, -9.464419, 43.0144, 2.078153, -9.675013, 24.01936, 43.0144
4 : 27.98321, -6.905273, 7.658554, -41.39973, 24.96548, 8.924181, 5.059385, -41.39973

25 Genetic : 6.279349 Moved
1 : -5.177439, 9.290894, 11.37852, 50.5091, 14.20477, 54.96161, 12.83763, 50.5091
2 : 27.08108, 37.03478, -1.486229, -41.2569, 8.077558, 54.73312, 24.64187, -41.2569
3 : 15.02386, 4.878525, 5.093911, -32.31329, 23.56875, 59.25443, 24.90676, -32.31329
4 : 26.14016, -29.32462, 6.246719, -37.69891, -11.74093, -45.49536, 7.437078, -37.69891

26 Genetic : 6.115151 Moved
1 : 5.350019, 42.44767, 1.541668, -56.08988, 9.091743, -15.60035, 0.1977482, -56.08988
2 : 19.41402, 32.73655, 2.738813, -45.00807, 20.61126, -31.83532, 23.67182, -45.00807
3 : 24.81463, 25.94773, 17.86515, -26.1404, 21.45426, 15.99091, 26.38422, -26.1404
4 : 29.35026, 3.510899, -6.808507, 57.9333, 18.33788, 51.94488, -1.215111, 57.9333

27 Genetic : 6.112712 Moved
1 : -0.9031219, -38.90437, 13.61895, 7.726885, -2.678084, 54.96008, 6.253408, 7.726885
2 : -9.806256, -30.60937, -11.77255, 53.61498, -6.905549, -42.39457, -12.45028, 53.61498
3 : 20.70747, -39.03603, -9.464419, 43.0144, 2.078153, -9.675013, 24.01936, 43.0144
4 : 27.98321, -6.905273, 7.658554, -41.39973, 24.96548, 8.924181, 5.059385, -41.39973

28 Genetic : 6.067522 Moved
1 : 27.46435, 39.80271, 23.14396, -16.19111, 2.92829, -18.74032, 29.91639, -16.19111
2 : -11.1133, 35.25315, -12.09493, 53.16232, 20.30149, -37.55544, -1.831064, 53.16232
3 : 13.48407, -44.42346, 28.04995, -21.68546, -7.786166, 49.8044, -12.50695, -21.68546
4 : 11.51125, -30.81293, 9.287882, 11.21733, 21.10839, -10.56665, 3.594535, 11.21733

29 Genetic : 5.937734 Moved
1 : 0.5390692, 57.26432, 15.04623, -48.33511, -0.4776487, 4.467051, 18.11616, -48.33511
2 : 6.908243, 41.91489, -12.79357, 36.02419, 12.37666, -45.59888, 12.69595, 36.02419
3 : 3.925798, 15.75409, 15.0272, -49.52943, 28.49815, -50.51151, -14.13687, -49.52943
4 : -8.211635, -53.15566, -4.085094, 41.23478, 17.98135, -22.26105, -14.33262, 41.23478

30 Genetic : 5.927679 Moved
1 : 25.66194, -22.33554, 24.52951, -28.06558, -4.646775, -59.29166, 15.00343, -28.06558
2 : -13.71617, -33.72974, 23.71926, -21.7669, 11.73716, 4.615797, -9.848667, -21.7669
3 : 4.350526, 38.44646, 8.982437, -25.78386, 21.03074, -10.74109, -8.999174, -25.78386
4 : 29.36659, 36.96417, 26.91512, 31.81822, 12.146, -12.02016, 25.43736, 31.81822

31 Genetic : 5.751847 Moved
1 : 24.5261, -57.67094, 10.1549, -33.83852, 10.56506, 1.865967, 11.4116, -33.83852
2 : 13.23394, 5.963224, 9.611877, 41.98595, -4.555049, 39.01915, 5.684995, 41.98595
3 : 25.19834, 44.84946, 20.24459, -48.78625, 14.06401, 48.35239, 3.188421, -48.78625
4 : 16.30217, -29.04453, 9.901846, -16.87658, -12.47516, 43.99663, 21.91975, -16.87658

32 Genetic : 5.741627 Moved
1 : -11.62656, 45.82276, -13.54999, -54.40451, 3.125942, -17.52268, 14.99766, -54.40451
2 : 20.36873, 21.6569, 5.608767, 45.13843, -1.701402, -26.79836, 5.173943, 45.13843
3 : -7.617847, 38.8986, 11.55369, 50.86611, 3.270937, 52.73795, 17.98123, 50.86611
4 : 15.12698, 59.78853, -11.36292, -28.70401, -9.061836, -13.19376, -8.699807, -28.70401

