1 Genetic : 14.90706 Moved
1 : 7.721333, 12.95508, 7.550085, -10.28468, -12.99356, -8.023733, -8.534025, -10.28468
2 : 11.15513, -36.32188, -1.985849, -28.08614, 26.39295, -20.29288, -9.46811, -28.08614
3 : 22.96509, 23.75526, 24.74253, -15.21237, 9.808382, -36.45029, -14.91041, -15.21237
4 : 28.61147, -38.15453, 21.54884, 10.80915, 21.98052, 45.61263, 7.496328, 10.80915

2 Genetic : 14.76583 Moved
1 : 7.721333, 12.95508, 7.550085, -10.28468, -12.99356, -8.023733, -8.534025, -10.28468
2 : 11.15513, -36.32188, -1.985849, -28.08614, 26.39295, -20.29288, -9.46811, -28.08614
3 : 22.96509, 23.75526, 24.74253, -15.21237, 9.808382, -36.45029, -14.91041, -15.21237
4 : 28.61147, -38.15453, 21.54884, 10.80915, 21.98052, 45.61263, 7.496328, 10.80915

3 Genetic : 14.68998 Moved
1 : 7.721333, 12.95508, 7.550085, -10.28468, -12.99356, -8.023733, -8.534025, -10.28468
2 : 11.15513, -36.32188, -1.985849, -28.08614, 26.39295, -20.29288, -9.46811, -28.08614
3 : 22.96509, 23.75526, 24.74253, -15.21237, 9.808382, -36.45029, -14.91041, -15.21237
4 : 28.61147, -38.15453, 21.54884, 10.80915, 21.98052, 45.61263, 7.496328, 10.80915

4 Genetic : 14.35938 Moved
1 : 7.721333, 12.95508, 7.550085, -10.28468, -12.99356, -8.023733, -8.534025, -10.28468
2 : 11.15513, -36.32188, -1.985849, -28.08614, 26.39295, -20.29288, -9.46811, -28.08614
3 : 22.96509, 23.75526, 24.74253, -15.21237, 9.808382, -36.45029, -14.91041, -15.21237
4 : 28.61147, -38.15453, 21.54884, 10.80915, 21.98052, 45.61263, 7.496328, 10.80915

5 Genetic : 14.33586 Moved
1 : 7.721333, 12.95508, 7.550085, -10.28468, -12.99356, -8.023733, -8.534025, -10.28468
2 : 11.15513, -36.32188, -1.985849, -28.08614, 26.39295, -20.29288, -9.46811, -28.08614
3 : 22.96509, 23.75526, 24.74253, -15.21237, 9.808382, -36.45029, -14.91041, -15.21237
4 : 28.61147, -38.15453, 21.54884, 10.80915, 21.98052, 45.61263, 7.496328, 10.80915

6 Genetic : 14.20733 Moved
1 : 7.721333, 12.95508, 7.550085, -10.28468, -12.99356, -8.023733, -8.534025, -10.28468
2 : 11.15513, -36.32188, -1.985849, -28.08614, 26.39295, -20.29288, -9.46811, -28.08614
3 : 22.96509, 23.75526, 24.74253, -15.21237, 9.808382, -36.45029, -14.91041, -15.21237
4 : 28.61147, -38.15453, 21.54884, 10.80915, 21.98052, 45.61263, 7.496328, 10.80915

7 Genetic : 14.15704 Moved
1 : 7.721333, 12.95508, 7.550085, -10.28468, -12.99356, -8.023733, -8.534025, -10.28468
2 : 11.15513, -36.32188, -1.985849, -28.08614, 26.39295, -20.29288, -9.46811, -28.08614
3 : 22.96509, 23.75526, 24.74253, -15.21237, 9.808382, -36.45029, -14.91041, -15.21237
4 : 28.61147, -38.15453, 21.54884, 10.80915, 21.98052, 45.61263, 7.496328, 10.80915

8 Genetic : 14.13021 Moved
1 : 7.721333, 12.95508, 7.550085, -10.28468, -12.99356, -8.023733, -8.534025, -10.28468
2 : 11.15513, -36.32188, -1.985849, -28.08614, 26.39295, -20.29288, -9.46811, -28.08614
3 : 22.96509, 23.75526, 24.74253, -15.21237, 9.808382, -36.45029, -14.91041, -15.21237
4 : 28.61147, -38.15453, 21.54884, 10.80915, 21.98052, 45.61263, 7.496328, 10.80915

9 Genetic : 14.10108 Moved
1 : 7.721333, 12.95508, 7.550085, -10.28468, -12.99356, -8.023733, -8.534025, -10.28468
2 : 11.15513, -36.32188, -1.985849, -28.08614, 26.39295, -20.29288, -9.46811, -28.08614
3 : 22.96509, 23.75526, 24.74253, -15.21237, 9.808382, -36.45029, -14.91041, -15.21237
4 : 28.61147, -38.15453, 21.54884, 10.80915, 21.98052, 45.61263, 7.496328, 10.80915

10 Genetic : 13.99723 Moved
1 : 7.721333, 12.95508, 7.550085, -10.28468, -12.99356, -8.023733, -8.534025, -10.28468
2 : 11.15513, -36.32188, -1.985849, -28.08614, 26.39295, -20.29288, -9.46811, -28.08614
3 : 22.96509, 23.75526, 24.74253, -15.21237, 9.808382, -36.45029, -14.91041, -15.21237
4 : 28.61147, -38.15453, 21.54884, 10.80915, 21.98052, 45.61263, 7.496328, 10.80915

11 Genetic : 13.72648 Moved
1 : 7.721333, 12.95508, 7.550085, -10.28468, -12.99356, -8.023733, -8.534025, -10.28468
2 : 11.15513, -36.32188, -1.985849, -28.08614, 26.39295, -20.29288, -9.46811, -28.08614
3 : 22.96509, 23.75526, 24.74253, -15.21237, 9.808382, -36.45029, -14.91041, -15.21237
4 : 28.61147, -38.15453, 21.54884, 10.80915, 21.98052, 45.61263, 7.496328, 10.80915

12 Genetic : 13.66004 Moved
1 : 7.721333, 12.95508, 7.550085, -10.28468, -12.99356, -8.023733, -8.534025, -10.28468
2 : 11.15513, -36.32188, -1.985849, -28.08614, 26.39295, -20.29288, -9.46811, -28.08614
3 : 22.96509, 23.75526, 24.74253, -15.21237, 9.808382, -36.45029, -14.91041, -15.21237
4 : 28.61147, -38.15453, 21.54884, 10.80915, 21.98052, 45.61263, 7.496328, 10.80915

13 Genetic : 13.61091 Moved
1 : 7.721333, 12.95508, 7.550085, -10.28468, -12.99356, -8.023733, -8.534025, -10.28468
2 : 11.15513, -36.32188, -1.985849, -28.08614, 26.39295, -20.29288, -9.46811, -28.08614
3 : 22.96509, 23.75526, 24.74253, -15.21237, 9.808382, -36.45029, -14.91041, -15.21237
4 : 28.61147, -38.15453, 21.54884, 10.80915, 21.98052, 45.61263, 7.496328, 10.80915

14 Genetic : 13.5467 Moved
1 : 7.721333, 12.95508, 7.550085, -10.28468, -12.99356, -8.023733, -8.534025, -10.28468
2 : 11.15513, -36.32188, -1.985849, -28.08614, 26.39295, -20.29288, -9.46811, -28.08614
3 : 22.96509, 23.75526, 24.74253, -15.21237, 9.808382, -36.45029, -14.91041, -15.21237
4 : 28.61147, -38.15453, 21.54884, 10.80915, 21.98052, 45.61263, 7.496328, 10.80915

15 Genetic : 13.39201 Moved
1 : 7.721333, 12.95508, 7.550085, -10.28468, -12.99356, -8.023733, -8.534025, -10.28468
2 : 11.15513, -36.32188, -1.985849, -28.08614, 26.39295, -20.29288, -9.46811, -28.08614
3 : 22.96509, 23.75526, 24.74253, -15.21237, 9.808382, -36.45029, -14.91041, -15.21237
4 : 28.61147, -38.15453, 21.54884, 10.80915, 21.98052, 45.61263, 7.496328, 10.80915

16 Genetic : 13.32535 Moved
1 : 7.721333, 12.95508, 7.550085, -10.28468, -12.99356, -8.023733, -8.534025, -10.28468
2 : 11.15513, -36.32188, -1.985849, -28.08614, 26.39295, -20.29288, -9.46811, -28.08614
3 : 22.96509, 23.75526, 24.74253, -15.21237, 9.808382, -36.45029, -14.91041, -15.21237
4 : 28.61147, -38.15453, 21.54884, 10.80915, 21.98052, 45.61263, 7.496328, 10.80915

17 Genetic : 13.22725 Moved
1 : 7.721333, 12.95508, 7.550085, -10.28468, -12.99356, -8.023733, -8.534025, -10.28468
2 : 11.15513, -36.32188, -1.985849, -28.08614, 26.39295, -20.29288, -9.46811, -28.08614
3 : 22.96509, 23.75526, 24.74253, -15.21237, 9.808382, -36.45029, -14.91041, -15.21237
4 : 28.61147, -38.15453, 21.54884, 10.80915, 21.98052, 45.61263, 7.496328, 10.80915

18 Genetic : 13.22261 Moved
1 : 7.721333, 12.95508, 7.550085, -10.28468, -12.99356, -8.023733, -8.534025, -10.28468
2 : 11.15513, -36.32188, -1.985849, -28.08614, 26.39295, -20.29288, -9.46811, -28.08614
3 : 22.96509, 23.75526, 24.74253, -15.21237, 9.808382, -36.45029, -14.91041, -15.21237
4 : 28.61147, -38.15453, 21.54884, 10.80915, 21.98052, 45.61263, 7.496328, 10.80915

19 Genetic : 13.17933 Moved
1 : 7.721333, 12.95508, 7.550085, -10.28468, -12.99356, -8.023733, -8.534025, -10.28468
2 : 11.15513, -36.32188, -1.985849, -28.08614, 26.39295, -20.29288, -9.46811, -28.08614
3 : 22.96509, 23.75526, 24.74253, -15.21237, 9.808382, -36.45029, -14.91041, -15.21237
4 : 28.61147, -38.15453, 21.54884, 10.80915, 21.98052, 45.61263, 7.496328, 10.80915

20 Genetic : 13.1455 Moved
1 : 7.721333, 12.95508, 7.550085, -10.28468, -12.99356, -8.023733, -8.534025, -10.28468
2 : 11.15513, -36.32188, -1.985849, -28.08614, 26.39295, -20.29288, -9.46811, -28.08614
3 : 22.96509, 23.75526, 24.74253, -15.21237, 9.808382, -36.45029, -14.91041, -15.21237
4 : 28.61147, -38.15453, 21.54884, 10.80915, 21.98052, 45.61263, 7.496328, 10.80915

21 Genetic : 13.12609 Moved
1 : 7.721333, 12.95508, 7.550085, -10.28468, -12.99356, -8.023733, -8.534025, -10.28468
2 : 11.15513, -36.32188, -1.985849, -28.08614, 26.39295, -20.29288, -9.46811, -28.08614
3 : 22.96509, 23.75526, 24.74253, -15.21237, 9.808382, -36.45029, -14.91041, -15.21237
4 : 28.61147, -38.15453, 21.54884, 10.80915, 21.98052, 45.61263, 7.496328, 10.80915

22 Genetic : 13.10801 Moved
1 : 7.721333, 12.95508, 7.550085, -10.28468, -12.99356, -8.023733, -8.534025, -10.28468
2 : 11.15513, -36.32188, -1.985849, -28.08614, 26.39295, -20.29288, -9.46811, -28.08614
3 : 22.96509, 23.75526, 24.74253, -15.21237, 9.808382, -36.45029, -14.91041, -15.21237
4 : 28.61147, -38.15453, 21.54884, 10.80915, 21.98052, 45.61263, 7.496328, 10.80915

23 Genetic : 13.03245 Moved
1 : 7.721333, 12.95508, 7.550085, -10.28468, -12.99356, -8.023733, -8.534025, -10.28468
2 : 11.15513, -36.32188, -1.985849, -28.08614, 26.39295, -20.29288, -9.46811, -28.08614
3 : 22.96509, 23.75526, 24.74253, -15.21237, 9.808382, -36.45029, -14.91041, -15.21237
4 : 28.61147, -38.15453, 21.54884, 10.80915, 21.98052, 45.61263, 7.496328, 10.80915

24 Genetic : 13.01751 Moved
1 : 7.721333, 12.95508, 7.550085, -10.28468, -12.99356, -8.023733, -8.534025, -10.28468
2 : 11.15513, -36.32188, -1.985849, -28.08614, 26.39295, -20.29288, -9.46811, -28.08614
3 : 22.96509, 23.75526, 24.74253, -15.21237, 9.808382, -36.45029, -14.91041, -15.21237
4 : 28.61147, -38.15453, 21.54884, 10.80915, 21.98052, 45.61263, 7.496328, 10.80915

25 Genetic : 12.97826 Moved
1 : 7.721333, 12.95508, 7.550085, -10.28468, -12.99356, -8.023733, -8.534025, -10.28468
2 : 11.15513, -36.32188, -1.985849, -28.08614, 26.39295, -20.29288, -9.46811, -28.08614
3 : 22.96509, 23.75526, 24.74253, -15.21237, 9.808382, -36.45029, -14.91041, -15.21237
4 : 28.61147, -38.15453, 21.54884, 10.80915, 21.98052, 45.61263, 7.496328, 10.80915

26 Genetic : 12.9725 Moved
1 : 7.721333, 12.95508, 7.550085, -10.28468, -12.99356, -8.023733, -8.534025, -10.28468
2 : 11.15513, -36.32188, -1.985849, -28.08614, 26.39295, -20.29288, -9.46811, -28.08614
3 : 22.96509, 23.75526, 24.74253, -15.21237, 9.808382, -36.45029, -14.91041, -15.21237
4 : 28.61147, -38.15453, 21.54884, 10.80915, 21.98052, 45.61263, 7.496328, 10.80915

27 Genetic : 12.94929 Moved
1 : 7.721333, 12.95508, 7.550085, -10.28468, -12.99356, -8.023733, -8.534025, -10.28468
2 : 11.15513, -36.32188, -1.985849, -28.08614, 26.39295, -20.29288, -9.46811, -28.08614
3 : 22.96509, 23.75526, 24.74253, -15.21237, 9.808382, -36.45029, -14.91041, -15.21237
4 : 28.61147, -38.15453, 21.54884, 10.80915, 21.98052, 45.61263, 7.496328, 10.80915

28 Genetic : 12.9291 Moved
1 : 7.721333, 12.95508, 7.550085, -10.28468, -12.99356, -8.023733, -8.534025, -10.28468
2 : 11.15513, -36.32188, -1.985849, -28.08614, 26.39295, -20.29288, -9.46811, -28.08614
3 : 22.96509, 23.75526, 24.74253, -15.21237, 9.808382, -36.45029, -14.91041, -15.21237
4 : 28.61147, -38.15453, 21.54884, 10.80915, 21.98052, 45.61263, 7.496328, 10.80915

29 Genetic : 12.87644 Moved
1 : 7.721333, 12.95508, 7.550085, -10.28468, -12.99356, -8.023733, -8.534025, -10.28468
2 : 11.15513, -36.32188, -1.985849, -28.08614, 26.39295, -20.29288, -9.46811, -28.08614
3 : 22.96509, 23.75526, 24.74253, -15.21237, 9.808382, -36.45029, -14.91041, -15.21237
4 : 28.61147, -38.15453, 21.54884, 10.80915, 21.98052, 45.61263, 7.496328, 10.80915

30 Genetic : 12.83817 Moved
1 : 7.721333, 12.95508, 7.550085, -10.28468, -12.99356, -8.023733, -8.534025, -10.28468
2 : 11.15513, -36.32188, -1.985849, -28.08614, 26.39295, -20.29288, -9.46811, -28.08614
3 : 22.96509, 23.75526, 24.74253, -15.21237, 9.808382, -36.45029, -14.91041, -15.21237
4 : 28.61147, -38.15453, 21.54884, 10.80915, 21.98052, 45.61263, 7.496328, 10.80915

31 Genetic : 12.81332 Moved
1 : 7.721333, 12.95508, 7.550085, -10.28468, -12.99356, -8.023733, -8.534025, -10.28468
2 : 11.15513, -36.32188, -1.985849, -28.08614, 26.39295, -20.29288, -9.46811, -28.08614
3 : 22.96509, 23.75526, 24.74253, -15.21237, 9.808382, -36.45029, -14.91041, -15.21237
4 : 28.61147, -38.15453, 21.54884, 10.80915, 21.98052, 45.61263, 7.496328, 10.80915

32 Genetic : 12.7641 Moved
1 : 7.721333, 12.95508, 7.550085, -10.28468, -12.99356, -8.023733, -8.534025, -10.28468
2 : 11.15513, -36.32188, -1.985849, -28.08614, 26.39295, -20.29288, -9.46811, -28.08614
3 : 22.96509, 23.75526, 24.74253, -15.21237, 9.808382, -36.45029, -14.91041, -15.21237
4 : 28.61147, -38.15453, 21.54884, 10.80915, 21.98052, 45.61263, 7.496328, 10.80915

