1 Genetic : 15.17775 Moved
1 : 7.721333, 12.95508, 7.550085, -10.28468, -12.99356, -8.023733, -8.534025, -10.28468
2 : 11.15513, -36.32188, -1.985849, -28.08614, 26.39295, -20.29288, -9.46811, -28.08614
3 : 22.96509, 23.75526, 24.74253, -15.21237, 9.808382, -36.45029, -14.91041, -15.21237
4 : 28.61147, -38.15453, 21.54884, 10.80915, 21.98052, 45.61263, 7.496328, 10.80915

2 Genetic : 14.72063 Moved
1 : 7.721333, 12.95508, 7.550085, -10.28468, -12.99356, -8.023733, -8.534025, -10.28468
2 : 11.15513, -36.32188, -1.985849, -28.08614, 26.39295, -20.29288, -9.46811, -28.08614
3 : 22.96509, 23.75526, 24.74253, -15.21237, 9.808382, -36.45029, -14.91041, -15.21237
4 : 28.61147, -38.15453, 21.54884, 10.80915, 21.98052, 45.61263, 7.496328, 10.80915

3 Genetic : 14.53963 Moved
1 : 7.721333, 12.95508, 7.550085, -10.28468, -12.99356, -8.023733, -8.534025, -10.28468
2 : 11.15513, -36.32188, -1.985849, -28.08614, 26.39295, -20.29288, -9.46811, -28.08614
3 : 22.96509, 23.75526, 24.74253, -15.21237, 9.808382, -36.45029, -14.91041, -15.21237
4 : 28.61147, -38.15453, 21.54884, 10.80915, 21.98052, 45.61263, 7.496328, 10.80915

4 Genetic : 14.19013 Moved
1 : 7.721333, 12.95508, 7.550085, -10.28468, -12.99356, -8.023733, -8.534025, -10.28468
2 : 11.15513, -36.32188, -1.985849, -28.08614, 26.39295, -20.29288, -9.46811, -28.08614
3 : 22.96509, 23.75526, 24.74253, -15.21237, 9.808382, -36.45029, -14.91041, -15.21237
4 : 28.61147, -38.15453, 21.54884, 10.80915, 21.98052, 45.61263, 7.496328, 10.80915

5 Genetic : 14.18681 Moved
1 : 7.721333, 12.95508, 7.550085, -10.28468, -12.99356, -8.023733, -8.534025, -10.28468
2 : 11.15513, -36.32188, -1.985849, -28.08614, 26.39295, -20.29288, -9.46811, -28.08614
3 : 22.96509, 23.75526, 24.74253, -15.21237, 9.808382, -36.45029, -14.91041, -15.21237
4 : 28.61147, -38.15453, 21.54884, 10.80915, 21.98052, 45.61263, 7.496328, 10.80915

6 Genetic : 14.01168 Moved
1 : 7.721333, 12.95508, 7.550085, -10.28468, -12.99356, -8.023733, -8.534025, -10.28468
2 : 11.15513, -36.32188, -1.985849, -28.08614, 26.39295, -20.29288, -9.46811, -28.08614
3 : 22.96509, 23.75526, 24.74253, -15.21237, 9.808382, -36.45029, -14.91041, -15.21237
4 : 28.61147, -38.15453, 21.54884, 10.80915, 21.98052, 45.61263, 7.496328, 10.80915

7 Genetic : 13.83682 Moved
1 : 7.721333, 12.95508, 7.550085, -10.28468, -12.99356, -8.023733, -8.534025, -10.28468
2 : 11.15513, -36.32188, -1.985849, -28.08614, 26.39295, -20.29288, -9.46811, -28.08614
3 : 22.96509, 23.75526, 24.74253, -15.21237, 9.808382, -36.45029, -14.91041, -15.21237
4 : 28.61147, -38.15453, 21.54884, 10.80915, 21.98052, 45.61263, 7.496328, 10.80915

8 Genetic : 13.72133 Moved
1 : 7.721333, 12.95508, 7.550085, -10.28468, -12.99356, -8.023733, -8.534025, -10.28468
2 : 11.15513, -36.32188, -1.985849, -28.08614, 26.39295, -20.29288, -9.46811, -28.08614
3 : 22.96509, 23.75526, 24.74253, -15.21237, 9.808382, -36.45029, -14.91041, -15.21237
4 : 28.61147, -38.15453, 21.54884, 10.80915, 21.98052, 45.61263, 7.496328, 10.80915

9 Genetic : 13.52495 Moved
1 : 7.721333, 12.95508, 7.550085, -10.28468, -12.99356, -8.023733, -8.534025, -10.28468
2 : 11.15513, -36.32188, -1.985849, -28.08614, 26.39295, -20.29288, -9.46811, -28.08614
3 : 22.96509, 23.75526, 24.74253, -15.21237, 9.808382, -36.45029, -14.91041, -15.21237
4 : 28.61147, -38.15453, 21.54884, 10.80915, 21.98052, 45.61263, 7.496328, 10.80915

10 Genetic : 13.2649 Moved
1 : 7.721333, 12.95508, 7.550085, -10.28468, -12.99356, -8.023733, -8.534025, -10.28468
2 : 11.15513, -36.32188, -1.985849, -28.08614, 26.39295, -20.29288, -9.46811, -28.08614
3 : 22.96509, 23.75526, 24.74253, -15.21237, 9.808382, -36.45029, -14.91041, -15.21237
4 : 28.61147, -38.15453, 21.54884, 10.80915, 21.98052, 45.61263, 7.496328, 10.80915

11 Genetic : 13.18073 Moved
1 : -4.490107, -10.58681, -11.99206, 3.118881, -12.32869, 53.86453, 7.52234, 3.118881
2 : -12.32562, -39.43251, -9.372527, 55.53355, -10.92019, 41.34376, 22.40385, 55.53355
3 : -12.19184, 17.87557, 8.731833, 41.71458, -6.623499, -55.94248, 14.14373, 41.71458
4 : -13.39907, 38.04827, 8.921322, -19.47738, 20.60114, -42.06213, -12.22577, -19.47738

12 Genetic : 12.979 Moved
1 : 7.721333, 12.95508, 7.550085, -10.28468, -12.99356, -8.023733, -8.534025, -10.28468
2 : 11.15513, -36.32188, -1.985849, -28.08614, 26.39295, -20.29288, -9.46811, -28.08614
3 : 22.96509, 23.75526, 24.74253, -15.21237, 9.808382, -36.45029, -14.91041, -15.21237
4 : 28.61147, -38.15453, 21.54884, 10.80915, 21.98052, 45.61263, 7.496328, 10.80915

13 Genetic : 12.93952 Moved
1 : 7.721333, 12.95508, 7.550085, -10.28468, -12.99356, -8.023733, -8.534025, -10.28468
2 : 11.15513, -36.32188, -1.985849, -28.08614, 26.39295, -20.29288, -9.46811, -28.08614
3 : 22.96509, 23.75526, 24.74253, -15.21237, 9.808382, -36.45029, -14.91041, -15.21237
4 : 28.61147, -38.15453, 21.54884, 10.80915, 21.98052, 45.61263, 7.496328, 10.80915

14 Genetic : 12.87864 Moved
1 : 7.721333, 12.95508, 7.550085, -10.28468, -12.99356, -8.023733, -8.534025, -10.28468
2 : 11.15513, -36.32188, -1.985849, -28.08614, 26.39295, -20.29288, -9.46811, -28.08614
3 : 22.96509, 23.75526, 24.74253, -15.21237, 9.808382, -36.45029, -14.91041, -15.21237
4 : 28.61147, -38.15453, 21.54884, 10.80915, 21.98052, 45.61263, 7.496328, 10.80915

15 Genetic : 12.48944 Moved
1 : 7.721333, 12.95508, 7.550085, -10.28468, -12.99356, -8.023733, -8.534025, -10.28468
2 : 11.15513, -36.32188, -1.985849, -28.08614, 26.39295, -20.29288, -9.46811, -28.08614
3 : 22.96509, 23.75526, 24.74253, -15.21237, 9.808382, -36.45029, -14.91041, -15.21237
4 : 28.61147, -38.15453, 21.54884, 10.80915, 21.98052, 45.61263, 7.496328, 10.80915

16 Genetic : 12.48405 Moved
1 : 7.721333, 12.95508, 7.550085, -10.28468, -12.99356, -8.023733, -8.534025, -10.28468
2 : 11.15513, -36.32188, -1.985849, -28.08614, 26.39295, -20.29288, -9.46811, -28.08614
3 : 22.96509, 23.75526, 24.74253, -15.21237, 9.808382, -36.45029, -14.91041, -15.21237
4 : 28.61147, -38.15453, 21.54884, 10.80915, 21.98052, 45.61263, 7.496328, 10.80915

17 Genetic : 12.24082 Moved
1 : 7.721333, 12.95508, 7.550085, -10.28468, -12.99356, -8.023733, -8.534025, -10.28468
2 : 11.15513, -36.32188, -1.985849, -28.08614, 26.39295, -20.29288, -9.46811, -28.08614
3 : 22.96509, 23.75526, 24.74253, -15.21237, 9.808382, -36.45029, -14.91041, -15.21237
4 : 28.61147, -38.15453, 21.54884, 10.80915, 21.98052, 45.61263, 7.496328, 10.80915

18 Genetic : 11.87534 Moved
1 : 16.60911, -42.31396, 16.34892, 13.29552, 29.71755, -28.24792, -5.907692, 13.29552
2 : 21.07551, -30.55779, 4.258012, -44.34792, -6.15269, 25.69053, 0.5136156, -44.34792
3 : 1.241449, 52.02161, -2.110851, -11.18777, 1.091175, 33.09687, 6.179041, -11.18777
4 : 21.32631, 32.54338, 22.12867, -13.95809, -12.86296, -55.42274, 9.358629, -13.95809

19 Genetic : 11.72354 Moved
1 : 7.721333, 12.95508, 7.550085, -10.28468, -12.99356, -8.023733, -8.534025, -10.28468
2 : 11.15513, -36.32188, -1.985849, -28.08614, 26.39295, -20.29288, -9.46811, -28.08614
3 : 22.96509, 23.75526, 24.74253, -15.21237, 9.808382, -36.45029, -14.91041, -15.21237
4 : 28.61147, -38.15453, 21.54884, 10.80915, 21.98052, 45.61263, 7.496328, 10.80915

20 Genetic : 11.69761 Moved
1 : 7.721333, 12.95508, 7.550085, -10.28468, -12.99356, -8.023733, -8.534025, -10.28468
2 : 11.15513, -36.32188, -1.985849, -28.08614, 26.39295, -20.29288, -9.46811, -28.08614
3 : 22.96509, 23.75526, 24.74253, -15.21237, 9.808382, -36.45029, -14.91041, -15.21237
4 : 28.61147, -38.15453, 21.54884, 10.80915, 21.98052, 45.61263, 7.496328, 10.80915

21 Genetic : 11.45541 Moved
1 : 16.60911, -42.31396, 16.34892, 13.29552, 29.71755, -28.24792, -5.907692, 13.29552
2 : 21.07551, -30.55779, 4.258012, -44.34792, -6.15269, 25.69053, 0.5136156, -44.34792
3 : 1.241449, 52.02161, -2.110851, -11.18777, 1.091175, 33.09687, 6.179041, -11.18777
4 : 21.32631, 32.54338, 22.12867, -13.95809, -12.86296, -55.42274, 9.358629, -13.95809

22 Genetic : 11.24467 Moved
1 : 7.721333, 12.95508, 7.550085, -10.28468, -12.99356, -8.023733, -8.534025, -10.28468
2 : 11.15513, -36.32188, -1.985849, -28.08614, 26.39295, -20.29288, -9.46811, -28.08614
3 : 22.96509, 23.75526, 24.74253, -15.21237, 9.808382, -36.45029, -14.91041, -15.21237
4 : 28.61147, -38.15453, 21.54884, 10.80915, 21.98052, 45.61263, 7.496328, 10.80915

23 Genetic : 11.23294 Moved
1 : -12.60267, 25.62927, 0.926734, -27.54092, -1.90806, 16.8242, 20.00767, -27.54092
2 : 9.198812, -34.72681, -4.307229, -8.138174, -0.3223, -55.97176, -11.10473, -8.138174
3 : 19.69263, 10.2122, 0.3980494, -47.74197, -4.773982, 3.186043, 28.69499, -47.74197
4 : 9.471625, -49.58439, -9.955602, 41.33972, -9.723865, 21.71914, 6.444592, 41.33972

24 Genetic : 11.15492 Moved
1 : 7.721333, 12.95508, 7.550085, -10.28468, -12.99356, -8.023733, -8.534025, -10.28468
2 : 11.15513, -36.32188, -1.985849, -28.08614, 26.39295, -20.29288, -9.46811, -28.08614
3 : 22.96509, 23.75526, 24.74253, -15.21237, 9.808382, -36.45029, -14.91041, -15.21237
4 : 28.61147, -38.15453, 21.54884, 10.80915, 21.98052, 45.61263, 7.496328, 10.80915

25 Genetic : 11.05434 Moved
1 : -12.60267, 25.62927, 0.926734, -27.54092, -1.90806, 16.8242, 20.00767, -27.54092
2 : 9.198812, -34.72681, -4.307229, -8.138174, -0.3223, -55.97176, -11.10473, -8.138174
3 : 19.69263, 10.2122, 0.3980494, -47.74197, -4.773982, 3.186043, 28.69499, -47.74197
4 : 9.471625, -49.58439, -9.955602, 41.33972, -9.723865, 21.71914, 6.444592, 41.33972

26 Genetic : 10.87933 Moved
1 : 16.60911, -42.31396, 16.34892, 13.29552, 29.71755, -28.24792, -5.907692, 13.29552
2 : 21.07551, -30.55779, 4.258012, -44.34792, -6.15269, 25.69053, 0.5136156, -44.34792
3 : 1.241449, 52.02161, -2.110851, -11.18777, 1.091175, 33.09687, 6.179041, -11.18777
4 : 21.32631, 32.54338, 22.12867, -13.95809, -12.86296, -55.42274, 9.358629, -13.95809

27 Genetic : 10.81573 Moved
1 : 16.60911, -42.31396, 16.34892, 13.29552, 29.71755, -28.24792, -5.907692, 13.29552
2 : 21.07551, -30.55779, 4.258012, -44.34792, -6.15269, 25.69053, 0.5136156, -44.34792
3 : 1.241449, 52.02161, -2.110851, -11.18777, 1.091175, 33.09687, 6.179041, -11.18777
4 : 21.32631, 32.54338, 22.12867, -13.95809, -12.86296, -55.42274, 9.358629, -13.95809

28 Genetic : 10.72388 Moved
1 : -12.60267, 25.62927, 0.926734, -27.54092, -1.90806, 16.8242, 20.00767, -27.54092
2 : 9.198812, -34.72681, -4.307229, -8.138174, -0.3223, -55.97176, -11.10473, -8.138174
3 : 19.69263, 10.2122, 0.3980494, -47.74197, -4.773982, 3.186043, 28.69499, -47.74197
4 : 9.471625, -49.58439, -9.955602, 41.33972, -9.723865, 21.71914, 6.444592, 41.33972

29 Genetic : 10.68005 Moved
1 : 7.721333, 12.95508, 7.550085, -10.28468, -12.99356, -8.023733, -8.534025, -10.28468
2 : 11.15513, -36.32188, -1.985849, -28.08614, 26.39295, -20.29288, -9.46811, -28.08614
3 : 22.96509, 23.75526, 24.74253, -15.21237, 9.808382, -36.45029, -14.91041, -15.21237
4 : 28.61147, -38.15453, 21.54884, 10.80915, 21.98052, 45.61263, 7.496328, 10.80915

30 Genetic : 10.64797 Moved
1 : 16.60911, -42.31396, 16.34892, 13.29552, 29.71755, -28.24792, -5.907692, 13.29552
2 : 21.07551, -30.55779, 4.258012, -44.34792, -6.15269, 25.69053, 0.5136156, -44.34792
3 : 1.241449, 52.02161, -2.110851, -11.18777, 1.091175, 33.09687, 6.179041, -11.18777
4 : 21.32631, 32.54338, 22.12867, -13.95809, -12.86296, -55.42274, 9.358629, -13.95809

31 Genetic : 10.57651 Moved
1 : -12.60267, 25.62927, 0.926734, -27.54092, -1.90806, 16.8242, 20.00767, -27.54092
2 : 9.198812, -34.72681, -4.307229, -8.138174, -0.3223, -55.97176, -11.10473, -8.138174
3 : 19.69263, 10.2122, 0.3980494, -47.74197, -4.773982, 3.186043, 28.69499, -47.74197
4 : 9.471625, -49.58439, -9.955602, 41.33972, -9.723865, 21.71914, 6.444592, 41.33972

32 Genetic : 10.54132 Moved
1 : -4.490107, -10.58681, -11.99206, 3.118881, -12.32869, 53.86453, 7.52234, 3.118881
2 : -12.32562, -39.43251, -9.372527, 55.53355, -10.92019, 41.34376, 22.40385, 55.53355
3 : -12.19184, 17.87557, 8.731833, 41.71458, -6.623499, -55.94248, 14.14373, 41.71458
4 : -13.39907, 38.04827, 8.921322, -19.47738, 20.60114, -42.06213, -12.22577, -19.47738

