1 Genetic : 1.500068 Moved
1 : 30, 2.26346, 30, 28.99112, 30, 60, 30, 28.99112
2 : 27.55702, 39.60297, 30, 60, 24.60719, -20.38023, 30, 60
3 : 30, -31.99735, 30, 6.13372, 29.7392, -39.10975, 29.64211, 6.13372
4 : 30, -26.04935, 30, -55.69746, 30, 60, 30, -55.69746

2 Genetic : 1.429842 Moved
1 : 30, 2.26346, 30, 28.99112, 30, 60, 30, 28.99112
2 : 27.55702, 39.60297, 30, 60, 24.60719, -20.38023, 30, 60
3 : 30, -31.99735, 30, 6.13372, 29.7392, -39.10975, 29.64211, 6.13372
4 : 30, -26.04935, 30, -55.69746, 30, 60, 30, -55.69746

3 Genetic : 1.339172 Moved
1 : 30, 2.26346, 30, 28.99112, 30, 60, 30, 28.99112
2 : 27.55702, 39.60297, 30, 60, 24.60719, -20.38023, 30, 60
3 : 30, -31.99735, 30, 6.13372, 29.7392, -39.10975, 29.64211, 6.13372
4 : 30, -26.04935, 30, -55.69746, 30, 60, 30, -55.69746

4 Genetic : 1.295924 Moved
1 : 30, 2.26346, 30, 28.99112, 30, 60, 30, 28.99112
2 : 27.55702, 39.60297, 30, 60, 24.60719, -20.38023, 30, 60
3 : 30, -31.99735, 30, 6.13372, 29.7392, -39.10975, 29.64211, 6.13372
4 : 30, -26.04935, 30, -55.69746, 30, 60, 30, -55.69746

5 Genetic : 1.294686 Moved
1 : 30, 2.26346, 30, 28.99112, 30, 60, 30, 28.99112
2 : 27.55702, 39.60297, 30, 60, 24.60719, -20.38023, 30, 60
3 : 30, -31.99735, 30, 6.13372, 29.7392, -39.10975, 29.64211, 6.13372
4 : 30, -26.04935, 30, -55.69746, 30, 60, 30, -55.69746

6 Genetic : 1.014573 Moved
1 : 30, 2.26346, 30, 28.99112, 30, 60, 30, 28.99112
2 : 27.55702, 39.60297, 30, 60, 24.60719, -20.38023, 30, 60
3 : 30, -31.99735, 30, 6.13372, 29.7392, -39.10975, 29.64211, 6.13372
4 : 30, -26.04935, 30, -55.69746, 30, 60, 30, -55.69746

7 Genetic : 0.9658269 Moved
1 : 30, 2.26346, 30, 28.99112, 30, 60, 30, 28.99112
2 : 27.55702, 39.60297, 30, 60, 24.60719, -20.38023, 30, 60
3 : 30, -31.99735, 30, 6.13372, 29.7392, -39.10975, 29.64211, 6.13372
4 : 30, -26.04935, 30, -55.69746, 30, 60, 30, -55.69746

8 Genetic : 0.9594767 Moved
1 : 30, 2.26346, 30, 28.99112, 30, 60, 30, 28.99112
2 : 27.55702, 39.60297, 30, 60, 24.60719, -20.38023, 30, 60
3 : 30, -31.99735, 30, 6.13372, 29.7392, -39.10975, 29.64211, 6.13372
4 : 30, -26.04935, 30, -55.69746, 30, 60, 30, -55.69746

9 Genetic : 0.9318923 Moved
1 : 30, 2.26346, 30, 28.99112, 30, 60, 30, 28.99112
2 : 27.55702, 39.60297, 30, 60, 24.60719, -20.38023, 30, 60
3 : 30, -31.99735, 30, 6.13372, 29.7392, -39.10975, 29.64211, 6.13372
4 : 30, -26.04935, 30, -55.69746, 30, 60, 30, -55.69746

10 Genetic : 0.8990526 Moved
1 : 30, 2.26346, 30, 28.99112, 30, 60, 30, 28.99112
2 : 27.55702, 39.60297, 30, 60, 24.60719, -20.38023, 30, 60
3 : 30, -31.99735, 30, 6.13372, 29.7392, -39.10975, 29.64211, 6.13372
4 : 30, -26.04935, 30, -55.69746, 30, 60, 30, -55.69746

11 Genetic : 0.89307 Moved
1 : 30, 2.26346, 30, 28.99112, 30, 60, 30, 28.99112
2 : 27.55702, 39.60297, 30, 60, 24.60719, -20.38023, 30, 60
3 : 30, -31.99735, 30, 6.13372, 29.7392, -39.10975, 29.64211, 6.13372
4 : 30, -26.04935, 30, -55.69746, 30, 60, 30, -55.69746

12 Genetic : 0.8877115 Moved
1 : 30, 2.26346, 30, 28.99112, 30, 60, 30, 28.99112
2 : 27.55702, 39.60297, 30, 60, 24.60719, -20.38023, 30, 60
3 : 30, -31.99735, 30, 6.13372, 29.7392, -39.10975, 29.64211, 6.13372
4 : 30, -26.04935, 30, -55.69746, 30, 60, 30, -55.69746

13 Genetic : 0.874703 Moved
1 : 30, 2.26346, 30, 28.99112, 30, 60, 30, 28.99112
2 : 27.55702, 39.60297, 30, 60, 24.60719, -20.38023, 30, 60
3 : 30, -31.99735, 30, 6.13372, 29.7392, -39.10975, 29.64211, 6.13372
4 : 30, -26.04935, 30, -55.69746, 30, 60, 30, -55.69746

14 Genetic : 0.8738033 Moved
1 : 30, 2.26346, 30, 28.99112, 30, 60, 30, 28.99112
2 : 27.55702, 39.60297, 30, 60, 24.60719, -20.38023, 30, 60
3 : 30, -31.99735, 30, 6.13372, 29.7392, -39.10975, 29.64211, 6.13372
4 : 30, -26.04935, 30, -55.69746, 30, 60, 30, -55.69746

15 Genetic : 0.8327118 Moved
1 : 30, 2.26346, 30, 28.99112, 30, 60, 30, 28.99112
2 : 27.55702, 39.60297, 30, 60, 24.60719, -20.38023, 30, 60
3 : 30, -31.99735, 30, 6.13372, 29.7392, -39.10975, 29.64211, 6.13372
4 : 30, -26.04935, 30, -55.69746, 30, 60, 30, -55.69746

16 Genetic : 0.8272451 Moved
1 : 30, 2.26346, 30, 28.99112, 30, 60, 30, 28.99112
2 : 27.55702, 39.60297, 30, 60, 24.60719, -20.38023, 30, 60
3 : 30, -31.99735, 30, 6.13372, 29.7392, -39.10975, 29.64211, 6.13372
4 : 30, -26.04935, 30, -55.69746, 30, 60, 30, -55.69746

17 Genetic : 0.7891923 Moved
1 : 30, 2.26346, 30, 28.99112, 30, 60, 30, 28.99112
2 : 27.55702, 39.60297, 30, 60, 24.60719, -20.38023, 30, 60
3 : 30, -31.99735, 30, 6.13372, 29.7392, -39.10975, 29.64211, 6.13372
4 : 30, -26.04935, 30, -55.69746, 30, 60, 30, -55.69746

18 Genetic : 0.770318 Moved
1 : 30, 2.26346, 30, 28.99112, 30, 60, 30, 28.99112
2 : 27.55702, 39.60297, 30, 60, 24.60719, -20.38023, 30, 60
3 : 30, -31.99735, 30, 6.13372, 29.7392, -39.10975, 29.64211, 6.13372
4 : 30, -26.04935, 30, -55.69746, 30, 60, 30, -55.69746

19 Genetic : 0.6563678 Moved
1 : 30, 2.26346, 30, 28.99112, 30, 60, 30, 28.99112
2 : 27.55702, 39.60297, 30, 60, 24.60719, -20.38023, 30, 60
3 : 30, -31.99735, 30, 6.13372, 29.7392, -39.10975, 29.64211, 6.13372
4 : 30, -26.04935, 30, -55.69746, 30, 60, 30, -55.69746

20 Genetic : 0.6046482 Moved
1 : 30, 2.26346, 30, 28.99112, 30, 60, 30, 28.99112
2 : 27.55702, 39.60297, 30, 60, 24.60719, -20.38023, 30, 60
3 : 30, -31.99735, 30, 6.13372, 29.7392, -39.10975, 29.64211, 6.13372
4 : 30, -26.04935, 30, -55.69746, 30, 60, 30, -55.69746

21 Genetic : 0.5470874 Moved
1 : 30, 2.26346, 30, 28.99112, 30, 60, 30, 28.99112
2 : 27.55702, 39.60297, 30, 60, 24.60719, -20.38023, 30, 60
3 : 30, -31.99735, 30, 6.13372, 29.7392, -39.10975, 29.64211, 6.13372
4 : 30, -26.04935, 30, -55.69746, 30, 60, 30, -55.69746

22 Genetic : 0.5415801 Moved
1 : 30, 2.26346, 30, 28.99112, 30, 60, 30, 28.99112
2 : 27.55702, 39.60297, 30, 60, 24.60719, -20.38023, 30, 60
3 : 30, -31.99735, 30, 6.13372, 29.7392, -39.10975, 29.64211, 6.13372
4 : 30, -26.04935, 30, -55.69746, 30, 60, 30, -55.69746

23 Genetic : 0.5239162 Moved
1 : 30, 2.26346, 30, 28.99112, 30, 60, 30, 28.99112
2 : 27.55702, 39.60297, 30, 60, 24.60719, -20.38023, 30, 60
3 : 30, -31.99735, 30, 6.13372, 29.7392, -39.10975, 29.64211, 6.13372
4 : 30, -26.04935, 30, -55.69746, 30, 60, 30, -55.69746

24 Genetic : 0.5198895 Moved
1 : 30, 2.26346, 30, 28.99112, 30, 60, 30, 28.99112
2 : 27.55702, 39.60297, 30, 60, 24.60719, -20.38023, 30, 60
3 : 30, -31.99735, 30, 6.13372, 29.7392, -39.10975, 29.64211, 6.13372
4 : 30, -26.04935, 30, -55.69746, 30, 60, 30, -55.69746

25 Genetic : 0.4951076 Moved
1 : 30, 2.26346, 30, 28.99112, 30, 60, 30, 28.99112
2 : 27.55702, 39.60297, 30, 60, 24.60719, -20.38023, 30, 60
3 : 30, -31.99735, 30, 6.13372, 29.7392, -39.10975, 29.64211, 6.13372
4 : 30, -26.04935, 30, -55.69746, 30, 60, 30, -55.69746

26 Genetic : 0.4768773 Moved
1 : 30, 2.26346, 30, 28.99112, 30, 60, 30, 28.99112
2 : 27.55702, 39.60297, 30, 60, 24.60719, -20.38023, 30, 60
3 : 30, -31.99735, 30, 6.13372, 29.7392, -39.10975, 29.64211, 6.13372
4 : 30, -26.04935, 30, -55.69746, 30, 60, 30, -55.69746

27 Genetic : 0.4206047 Moved
1 : 30, 2.26346, 30, 28.99112, 30, 60, 30, 28.99112
2 : 27.55702, 39.60297, 30, 60, 24.60719, -20.38023, 30, 60
3 : 30, -31.99735, 30, 6.13372, 29.7392, -39.10975, 29.64211, 6.13372
4 : 30, -26.04935, 30, -55.69746, 30, 60, 30, -55.69746

28 Genetic : 0.4198798 Moved
1 : 30, 2.26346, 30, 28.99112, 30, 60, 30, 28.99112
2 : 27.55702, 39.60297, 30, 60, 24.60719, -20.38023, 30, 60
3 : 30, -31.99735, 30, 6.13372, 29.7392, -39.10975, 29.64211, 6.13372
4 : 30, -26.04935, 30, -55.69746, 30, 60, 30, -55.69746

29 Genetic : 0.3879206 Moved
1 : 30, 2.26346, 30, 28.99112, 30, 60, 30, 28.99112
2 : 27.55702, 39.60297, 30, 60, 24.60719, -20.38023, 30, 60
3 : 30, -31.99735, 30, 6.13372, 29.7392, -39.10975, 29.64211, 6.13372
4 : 30, -26.04935, 30, -55.69746, 30, 60, 30, -55.69746

30 Genetic : 0.3494172 Moved
1 : 30, 2.26346, 30, 28.99112, 30, 60, 30, 28.99112
2 : 27.55702, 39.60297, 30, 60, 24.60719, -20.38023, 30, 60
3 : 30, -31.99735, 30, 6.13372, 29.7392, -39.10975, 29.64211, 6.13372
4 : 30, -26.04935, 30, -55.69746, 30, 60, 30, -55.69746

31 Genetic : 0.3436659 Moved
1 : 30, 2.26346, 30, 28.99112, 30, 60, 30, 28.99112
2 : 27.55702, 39.60297, 30, 60, 24.60719, -20.38023, 30, 60
3 : 30, -31.99735, 30, 6.13372, 29.7392, -39.10975, 29.64211, 6.13372
4 : 30, -26.04935, 30, -55.69746, 30, 60, 30, -55.69746

32 Genetic : 0.3253824 Moved
1 : 30, 2.26346, 30, 28.99112, 30, 60, 30, 28.99112
2 : 27.55702, 39.60297, 30, 60, 24.60719, -20.38023, 30, 60
3 : 30, -31.99735, 30, 6.13372, 29.7392, -39.10975, 29.64211, 6.13372
4 : 30, -26.04935, 30, -55.69746, 30, 60, 30, -55.69746

