1 Genetic : 1.752438 Moved
1 : 30, 12.15331, 24.94188, -38.64611, 21.12745, -14.31987, 30, -38.64611
2 : 30, -60, 20.5437, -16.68563, 25.3875, 60, 30, -16.68563
3 : 23.39074, 20.9264, 25.1105, 57.56325, 30, -18.93509, 30, 57.56325
4 : 30, 60, 30, 26.13654, 30, 40.02844, 23.01044, 26.13654

2 Genetic : 1.661682 Moved
1 : 30, 12.15331, 24.94188, -38.64611, 21.12745, -14.31987, 30, -38.64611
2 : 30, -60, 20.5437, -16.68563, 25.3875, 60, 30, -16.68563
3 : 23.39074, 20.9264, 25.1105, 57.56325, 30, -18.93509, 30, 57.56325
4 : 30, 60, 30, 26.13654, 30, 40.02844, 23.01044, 26.13654

3 Genetic : 1.363507 Moved
1 : 30, 12.15331, 24.94188, -38.64611, 21.12745, -14.31987, 30, -38.64611
2 : 30, -60, 20.5437, -16.68563, 25.3875, 60, 30, -16.68563
3 : 23.39074, 20.9264, 25.1105, 57.56325, 30, -18.93509, 30, 57.56325
4 : 30, 60, 30, 26.13654, 30, 40.02844, 23.01044, 26.13654

4 Genetic : 1.319179 Moved
1 : 30, 12.15331, 24.94188, -38.64611, 21.12745, -14.31987, 30, -38.64611
2 : 30, -60, 20.5437, -16.68563, 25.3875, 60, 30, -16.68563
3 : 23.39074, 20.9264, 25.1105, 57.56325, 30, -18.93509, 30, 57.56325
4 : 30, 60, 30, 26.13654, 30, 40.02844, 23.01044, 26.13654

5 Genetic : 1.224982 Moved
1 : 30, 12.15331, 24.94188, -38.64611, 21.12745, -14.31987, 30, -38.64611
2 : 30, -60, 20.5437, -16.68563, 25.3875, 60, 30, -16.68563
3 : 23.39074, 20.9264, 25.1105, 57.56325, 30, -18.93509, 30, 57.56325
4 : 30, 60, 30, 26.13654, 30, 40.02844, 23.01044, 26.13654

6 Genetic : 1.223587 Moved
1 : 30, 12.15331, 24.94188, -38.64611, 21.12745, -14.31987, 30, -38.64611
2 : 30, -60, 20.5437, -16.68563, 25.3875, 60, 30, -16.68563
3 : 23.39074, 20.9264, 25.1105, 57.56325, 30, -18.93509, 30, 57.56325
4 : 30, 60, 30, 26.13654, 30, 40.02844, 23.01044, 26.13654

7 Genetic : 1.199268 Moved
1 : 30, 12.15331, 24.94188, -38.64611, 21.12745, -14.31987, 30, -38.64611
2 : 30, -60, 20.5437, -16.68563, 25.3875, 60, 30, -16.68563
3 : 23.39074, 20.9264, 25.1105, 57.56325, 30, -18.93509, 30, 57.56325
4 : 30, 60, 30, 26.13654, 30, 40.02844, 23.01044, 26.13654

8 Genetic : 1.14025 Moved
1 : 30, 12.15331, 24.94188, -38.64611, 21.12745, -14.31987, 30, -38.64611
2 : 30, -60, 20.5437, -16.68563, 25.3875, 60, 30, -16.68563
3 : 23.39074, 20.9264, 25.1105, 57.56325, 30, -18.93509, 30, 57.56325
4 : 30, 60, 30, 26.13654, 30, 40.02844, 23.01044, 26.13654

9 Genetic : 1.130871 Moved
1 : 30, 12.15331, 24.94188, -38.64611, 21.12745, -14.31987, 30, -38.64611
2 : 30, -60, 20.5437, -16.68563, 25.3875, 60, 30, -16.68563
3 : 23.39074, 20.9264, 25.1105, 57.56325, 30, -18.93509, 30, 57.56325
4 : 30, 60, 30, 26.13654, 30, 40.02844, 23.01044, 26.13654

10 Genetic : 1.025475 Moved
1 : 30, 12.15331, 24.94188, -38.64611, 21.12745, -14.31987, 30, -38.64611
2 : 30, -60, 20.5437, -16.68563, 25.3875, 60, 30, -16.68563
3 : 23.39074, 20.9264, 25.1105, 57.56325, 30, -18.93509, 30, 57.56325
4 : 30, 60, 30, 26.13654, 30, 40.02844, 23.01044, 26.13654

11 Genetic : 0.9757742 Moved
1 : 30, 12.15331, 24.94188, -38.64611, 21.12745, -14.31987, 30, -38.64611
2 : 30, -60, 20.5437, -16.68563, 25.3875, 60, 30, -16.68563
3 : 23.39074, 20.9264, 25.1105, 57.56325, 30, -18.93509, 30, 57.56325
4 : 30, 60, 30, 26.13654, 30, 40.02844, 23.01044, 26.13654

12 Genetic : 0.9657291 Moved
1 : 30, 12.15331, 24.94188, -38.64611, 21.12745, -14.31987, 30, -38.64611
2 : 30, -60, 20.5437, -16.68563, 25.3875, 60, 30, -16.68563
3 : 23.39074, 20.9264, 25.1105, 57.56325, 30, -18.93509, 30, 57.56325
4 : 30, 60, 30, 26.13654, 30, 40.02844, 23.01044, 26.13654

13 Genetic : 0.9610109 Moved
1 : 30, 12.15331, 24.94188, -38.64611, 21.12745, -14.31987, 30, -38.64611
2 : 30, -60, 20.5437, -16.68563, 25.3875, 60, 30, -16.68563
3 : 23.39074, 20.9264, 25.1105, 57.56325, 30, -18.93509, 30, 57.56325
4 : 30, 60, 30, 26.13654, 30, 40.02844, 23.01044, 26.13654

14 Genetic : 0.9441819 Moved
1 : 30, 12.15331, 24.94188, -38.64611, 21.12745, -14.31987, 30, -38.64611
2 : 30, -60, 20.5437, -16.68563, 25.3875, 60, 30, -16.68563
3 : 23.39074, 20.9264, 25.1105, 57.56325, 30, -18.93509, 30, 57.56325
4 : 30, 60, 30, 26.13654, 30, 40.02844, 23.01044, 26.13654

15 Genetic : 0.8927929 Moved
1 : 30, 12.15331, 24.94188, -38.64611, 21.12745, -14.31987, 30, -38.64611
2 : 30, -60, 20.5437, -16.68563, 25.3875, 60, 30, -16.68563
3 : 23.39074, 20.9264, 25.1105, 57.56325, 30, -18.93509, 30, 57.56325
4 : 30, 60, 30, 26.13654, 30, 40.02844, 23.01044, 26.13654

16 Genetic : 0.866105 Moved
1 : 30, 12.15331, 24.94188, -38.64611, 21.12745, -14.31987, 30, -38.64611
2 : 30, -60, 20.5437, -16.68563, 25.3875, 60, 30, -16.68563
3 : 23.39074, 20.9264, 25.1105, 57.56325, 30, -18.93509, 30, 57.56325
4 : 30, 60, 30, 26.13654, 30, 40.02844, 23.01044, 26.13654

17 Genetic : 0.8633243 Moved
1 : 30, 12.15331, 24.94188, -38.64611, 21.12745, -14.31987, 30, -38.64611
2 : 30, -60, 20.5437, -16.68563, 25.3875, 60, 30, -16.68563
3 : 23.39074, 20.9264, 25.1105, 57.56325, 30, -18.93509, 30, 57.56325
4 : 30, 60, 30, 26.13654, 30, 40.02844, 23.01044, 26.13654

18 Genetic : 0.8615327 Moved
1 : 30, 12.15331, 24.94188, -38.64611, 21.12745, -14.31987, 30, -38.64611
2 : 30, -60, 20.5437, -16.68563, 25.3875, 60, 30, -16.68563
3 : 23.39074, 20.9264, 25.1105, 57.56325, 30, -18.93509, 30, 57.56325
4 : 30, 60, 30, 26.13654, 30, 40.02844, 23.01044, 26.13654

19 Genetic : 0.8597375 Moved
1 : 30, 12.15331, 24.94188, -38.64611, 21.12745, -14.31987, 30, -38.64611
2 : 30, -60, 20.5437, -16.68563, 25.3875, 60, 30, -16.68563
3 : 23.39074, 20.9264, 25.1105, 57.56325, 30, -18.93509, 30, 57.56325
4 : 30, 60, 30, 26.13654, 30, 40.02844, 23.01044, 26.13654

20 Genetic : 0.8283845 Moved
1 : 30, 12.15331, 24.94188, -38.64611, 21.12745, -14.31987, 30, -38.64611
2 : 30, -60, 20.5437, -16.68563, 25.3875, 60, 30, -16.68563
3 : 23.39074, 20.9264, 25.1105, 57.56325, 30, -18.93509, 30, 57.56325
4 : 30, 60, 30, 26.13654, 30, 40.02844, 23.01044, 26.13654

21 Genetic : 0.8005795 Moved
1 : 30, 12.15331, 24.94188, -38.64611, 21.12745, -14.31987, 30, -38.64611
2 : 30, -60, 20.5437, -16.68563, 25.3875, 60, 30, -16.68563
3 : 23.39074, 20.9264, 25.1105, 57.56325, 30, -18.93509, 30, 57.56325
4 : 30, 60, 30, 26.13654, 30, 40.02844, 23.01044, 26.13654

22 Genetic : 0.7954135 Moved
1 : 30, 12.15331, 24.94188, -38.64611, 21.12745, -14.31987, 30, -38.64611
2 : 30, -60, 20.5437, -16.68563, 25.3875, 60, 30, -16.68563
3 : 23.39074, 20.9264, 25.1105, 57.56325, 30, -18.93509, 30, 57.56325
4 : 30, 60, 30, 26.13654, 30, 40.02844, 23.01044, 26.13654

23 Genetic : 0.7890052 Moved
1 : 30, 12.15331, 24.94188, -38.64611, 21.12745, -14.31987, 30, -38.64611
2 : 30, -60, 20.5437, -16.68563, 25.3875, 60, 30, -16.68563
3 : 23.39074, 20.9264, 25.1105, 57.56325, 30, -18.93509, 30, 57.56325
4 : 30, 60, 30, 26.13654, 30, 40.02844, 23.01044, 26.13654

24 Genetic : 0.7859625 Moved
1 : 30, 12.15331, 24.94188, -38.64611, 21.12745, -14.31987, 30, -38.64611
2 : 30, -60, 20.5437, -16.68563, 25.3875, 60, 30, -16.68563
3 : 23.39074, 20.9264, 25.1105, 57.56325, 30, -18.93509, 30, 57.56325
4 : 30, 60, 30, 26.13654, 30, 40.02844, 23.01044, 26.13654

25 Genetic : 0.7661706 Moved
1 : 30, 12.15331, 24.94188, -38.64611, 21.12745, -14.31987, 30, -38.64611
2 : 30, -60, 20.5437, -16.68563, 25.3875, 60, 30, -16.68563
3 : 23.39074, 20.9264, 25.1105, 57.56325, 30, -18.93509, 30, 57.56325
4 : 30, 60, 30, 26.13654, 30, 40.02844, 23.01044, 26.13654

26 Genetic : 0.7549118 Moved
1 : 30, 12.15331, 24.94188, -38.64611, 21.12745, -14.31987, 30, -38.64611
2 : 30, -60, 20.5437, -16.68563, 25.3875, 60, 30, -16.68563
3 : 23.39074, 20.9264, 25.1105, 57.56325, 30, -18.93509, 30, 57.56325
4 : 30, 60, 30, 26.13654, 30, 40.02844, 23.01044, 26.13654

27 Genetic : 0.7371583 Moved
1 : 30, 12.15331, 24.94188, -38.64611, 21.12745, -14.31987, 30, -38.64611
2 : 30, -60, 20.5437, -16.68563, 25.3875, 60, 30, -16.68563
3 : 23.39074, 20.9264, 25.1105, 57.56325, 30, -18.93509, 30, 57.56325
4 : 30, 60, 30, 26.13654, 30, 40.02844, 23.01044, 26.13654

28 Genetic : 0.7359655 Moved
1 : 30, 12.15331, 24.94188, -38.64611, 21.12745, -14.31987, 30, -38.64611
2 : 30, -60, 20.5437, -16.68563, 25.3875, 60, 30, -16.68563
3 : 23.39074, 20.9264, 25.1105, 57.56325, 30, -18.93509, 30, 57.56325
4 : 30, 60, 30, 26.13654, 30, 40.02844, 23.01044, 26.13654

29 Genetic : 0.71217 Moved
1 : 30, 12.15331, 24.94188, -38.64611, 21.12745, -14.31987, 30, -38.64611
2 : 30, -60, 20.5437, -16.68563, 25.3875, 60, 30, -16.68563
3 : 23.39074, 20.9264, 25.1105, 57.56325, 30, -18.93509, 30, 57.56325
4 : 30, 60, 30, 26.13654, 30, 40.02844, 23.01044, 26.13654

30 Genetic : 0.7077402 Moved
1 : 30, 12.15331, 24.94188, -38.64611, 21.12745, -14.31987, 30, -38.64611
2 : 30, -60, 20.5437, -16.68563, 25.3875, 60, 30, -16.68563
3 : 23.39074, 20.9264, 25.1105, 57.56325, 30, -18.93509, 30, 57.56325
4 : 30, 60, 30, 26.13654, 30, 40.02844, 23.01044, 26.13654

31 Genetic : 0.6901653 Moved
1 : 30, 12.15331, 24.94188, -38.64611, 21.12745, -14.31987, 30, -38.64611
2 : 30, -60, 20.5437, -16.68563, 25.3875, 60, 30, -16.68563
3 : 23.39074, 20.9264, 25.1105, 57.56325, 30, -18.93509, 30, 57.56325
4 : 30, 60, 30, 26.13654, 30, 40.02844, 23.01044, 26.13654

32 Genetic : 0.6857499 Moved
1 : 30, 12.15331, 24.94188, -38.64611, 21.12745, -14.31987, 30, -38.64611
2 : 30, -60, 20.5437, -16.68563, 25.3875, 60, 30, -16.68563
3 : 23.39074, 20.9264, 25.1105, 57.56325, 30, -18.93509, 30, 57.56325
4 : 30, 60, 30, 26.13654, 30, 40.02844, 23.01044, 26.13654

