1 Genetic : 1.391783 Moved
1 : 28.70442, 60, 24.3498, -58.35798, 30, -60, 30, -58.35798
2 : 30, -57.63316, 30, 11.68336, 30, 48.2098, 30, 11.68336
3 : 30, 27.97629, 30, 33.76005, 19.24723, -10.7326, 30, 33.76005
4 : 30, -12.86805, 22.0011, 17.31025, 19.42643, -24.17478, 30, 17.31025

2 Genetic : 1.30905 Moved
1 : 28.70442, 60, 24.3498, -58.35798, 30, -60, 30, -58.35798
2 : 30, -57.63316, 30, 11.68336, 30, 48.2098, 30, 11.68336
3 : 30, 27.97629, 30, 33.76005, 19.24723, -10.7326, 30, 33.76005
4 : 30, -12.86805, 22.0011, 17.31025, 19.42643, -24.17478, 30, 17.31025

3 Genetic : 1.113806 Moved
1 : 28.70442, 60, 24.3498, -58.35798, 30, -60, 30, -58.35798
2 : 30, -57.63316, 30, 11.68336, 30, 48.2098, 30, 11.68336
3 : 30, 27.97629, 30, 33.76005, 19.24723, -10.7326, 30, 33.76005
4 : 30, -12.86805, 22.0011, 17.31025, 19.42643, -24.17478, 30, 17.31025

4 Genetic : 1.075321 Moved
1 : 28.70442, 60, 24.3498, -58.35798, 30, -60, 30, -58.35798
2 : 30, -57.63316, 30, 11.68336, 30, 48.2098, 30, 11.68336
3 : 30, 27.97629, 30, 33.76005, 19.24723, -10.7326, 30, 33.76005
4 : 30, -12.86805, 22.0011, 17.31025, 19.42643, -24.17478, 30, 17.31025

5 Genetic : 1.01774 Moved
1 : 28.70442, 60, 24.3498, -58.35798, 30, -60, 30, -58.35798
2 : 30, -57.63316, 30, 11.68336, 30, 48.2098, 30, 11.68336
3 : 30, 27.97629, 30, 33.76005, 19.24723, -10.7326, 30, 33.76005
4 : 30, -12.86805, 22.0011, 17.31025, 19.42643, -24.17478, 30, 17.31025

6 Genetic : 1.005792 Moved
1 : 28.70442, 60, 24.3498, -58.35798, 30, -60, 30, -58.35798
2 : 30, -57.63316, 30, 11.68336, 30, 48.2098, 30, 11.68336
3 : 30, 27.97629, 30, 33.76005, 19.24723, -10.7326, 30, 33.76005
4 : 30, -12.86805, 22.0011, 17.31025, 19.42643, -24.17478, 30, 17.31025

7 Genetic : 0.9608717 Moved
1 : 28.70442, 60, 24.3498, -58.35798, 30, -60, 30, -58.35798
2 : 30, -57.63316, 30, 11.68336, 30, 48.2098, 30, 11.68336
3 : 30, 27.97629, 30, 33.76005, 19.24723, -10.7326, 30, 33.76005
4 : 30, -12.86805, 22.0011, 17.31025, 19.42643, -24.17478, 30, 17.31025

8 Genetic : 0.9497771 Moved
1 : 28.70442, 60, 24.3498, -58.35798, 30, -60, 30, -58.35798
2 : 30, -57.63316, 30, 11.68336, 30, 48.2098, 30, 11.68336
3 : 30, 27.97629, 30, 33.76005, 19.24723, -10.7326, 30, 33.76005
4 : 30, -12.86805, 22.0011, 17.31025, 19.42643, -24.17478, 30, 17.31025

9 Genetic : 0.9406425 Moved
1 : 28.70442, 60, 24.3498, -58.35798, 30, -60, 30, -58.35798
2 : 30, -57.63316, 30, 11.68336, 30, 48.2098, 30, 11.68336
3 : 30, 27.97629, 30, 33.76005, 19.24723, -10.7326, 30, 33.76005
4 : 30, -12.86805, 22.0011, 17.31025, 19.42643, -24.17478, 30, 17.31025

10 Genetic : 0.8725883 Moved
1 : 28.70442, 60, 24.3498, -58.35798, 30, -60, 30, -58.35798
2 : 30, -57.63316, 30, 11.68336, 30, 48.2098, 30, 11.68336
3 : 30, 27.97629, 30, 33.76005, 19.24723, -10.7326, 30, 33.76005
4 : 30, -12.86805, 22.0011, 17.31025, 19.42643, -24.17478, 30, 17.31025

11 Genetic : 0.8559052 Moved
1 : 28.70442, 60, 24.3498, -58.35798, 30, -60, 30, -58.35798
2 : 30, -57.63316, 30, 11.68336, 30, 48.2098, 30, 11.68336
3 : 30, 27.97629, 30, 33.76005, 19.24723, -10.7326, 30, 33.76005
4 : 30, -12.86805, 22.0011, 17.31025, 19.42643, -24.17478, 30, 17.31025

12 Genetic : 0.8263606 Moved
1 : 28.70442, 60, 24.3498, -58.35798, 30, -60, 30, -58.35798
2 : 30, -57.63316, 30, 11.68336, 30, 48.2098, 30, 11.68336
3 : 30, 27.97629, 30, 33.76005, 19.24723, -10.7326, 30, 33.76005
4 : 30, -12.86805, 22.0011, 17.31025, 19.42643, -24.17478, 30, 17.31025

13 Genetic : 0.7876421 Moved
1 : 28.70442, 60, 24.3498, -58.35798, 30, -60, 30, -58.35798
2 : 30, -57.63316, 30, 11.68336, 30, 48.2098, 30, 11.68336
3 : 30, 27.97629, 30, 33.76005, 19.24723, -10.7326, 30, 33.76005
4 : 30, -12.86805, 22.0011, 17.31025, 19.42643, -24.17478, 30, 17.31025

14 Genetic : 0.7206671 Moved
1 : 28.70442, 60, 24.3498, -58.35798, 30, -60, 30, -58.35798
2 : 30, -57.63316, 30, 11.68336, 30, 48.2098, 30, 11.68336
3 : 30, 27.97629, 30, 33.76005, 19.24723, -10.7326, 30, 33.76005
4 : 30, -12.86805, 22.0011, 17.31025, 19.42643, -24.17478, 30, 17.31025

15 Genetic : 0.6946967 Moved
1 : 28.70442, 60, 24.3498, -58.35798, 30, -60, 30, -58.35798
2 : 30, -57.63316, 30, 11.68336, 30, 48.2098, 30, 11.68336
3 : 30, 27.97629, 30, 33.76005, 19.24723, -10.7326, 30, 33.76005
4 : 30, -12.86805, 22.0011, 17.31025, 19.42643, -24.17478, 30, 17.31025

16 Genetic : 0.6768613 Moved
1 : 28.70442, 60, 24.3498, -58.35798, 30, -60, 30, -58.35798
2 : 30, -57.63316, 30, 11.68336, 30, 48.2098, 30, 11.68336
3 : 30, 27.97629, 30, 33.76005, 19.24723, -10.7326, 30, 33.76005
4 : 30, -12.86805, 22.0011, 17.31025, 19.42643, -24.17478, 30, 17.31025

17 Genetic : 0.6379881 Moved
1 : 28.70442, 60, 24.3498, -58.35798, 30, -60, 30, -58.35798
2 : 30, -57.63316, 30, 11.68336, 30, 48.2098, 30, 11.68336
3 : 30, 27.97629, 30, 33.76005, 19.24723, -10.7326, 30, 33.76005
4 : 30, -12.86805, 22.0011, 17.31025, 19.42643, -24.17478, 30, 17.31025

18 Genetic : 0.5962644 Moved
1 : 28.70442, 60, 24.3498, -58.35798, 30, -60, 30, -58.35798
2 : 30, -57.63316, 30, 11.68336, 30, 48.2098, 30, 11.68336
3 : 30, 27.97629, 30, 33.76005, 19.24723, -10.7326, 30, 33.76005
4 : 30, -12.86805, 22.0011, 17.31025, 19.42643, -24.17478, 30, 17.31025

19 Genetic : 0.5357254 Moved
1 : 28.70442, 60, 24.3498, -58.35798, 30, -60, 30, -58.35798
2 : 30, -57.63316, 30, 11.68336, 30, 48.2098, 30, 11.68336
3 : 30, 27.97629, 30, 33.76005, 19.24723, -10.7326, 30, 33.76005
4 : 30, -12.86805, 22.0011, 17.31025, 19.42643, -24.17478, 30, 17.31025

20 Genetic : 0.4954457 Moved
1 : 28.70442, 60, 24.3498, -58.35798, 30, -60, 30, -58.35798
2 : 30, -57.63316, 30, 11.68336, 30, 48.2098, 30, 11.68336
3 : 30, 27.97629, 30, 33.76005, 19.24723, -10.7326, 30, 33.76005
4 : 30, -12.86805, 22.0011, 17.31025, 19.42643, -24.17478, 30, 17.31025

21 Genetic : 0.4637676 Moved
1 : 28.70442, 60, 24.3498, -58.35798, 30, -60, 30, -58.35798
2 : 30, -57.63316, 30, 11.68336, 30, 48.2098, 30, 11.68336
3 : 30, 27.97629, 30, 33.76005, 19.24723, -10.7326, 30, 33.76005
4 : 30, -12.86805, 22.0011, 17.31025, 19.42643, -24.17478, 30, 17.31025

22 Genetic : 0.4292779 Moved
1 : 28.70442, 60, 24.3498, -58.35798, 30, -60, 30, -58.35798
2 : 30, -57.63316, 30, 11.68336, 30, 48.2098, 30, 11.68336
3 : 30, 27.97629, 30, 33.76005, 19.24723, -10.7326, 30, 33.76005
4 : 30, -12.86805, 22.0011, 17.31025, 19.42643, -24.17478, 30, 17.31025

23 Genetic : 0.4124836 Moved
1 : 28.70442, 60, 24.3498, -58.35798, 30, -60, 30, -58.35798
2 : 30, -57.63316, 30, 11.68336, 30, 48.2098, 30, 11.68336
3 : 30, 27.97629, 30, 33.76005, 19.24723, -10.7326, 30, 33.76005
4 : 30, -12.86805, 22.0011, 17.31025, 19.42643, -24.17478, 30, 17.31025

24 Genetic : 0.4122706 Moved
1 : 28.70442, 60, 24.3498, -58.35798, 30, -60, 30, -58.35798
2 : 30, -57.63316, 30, 11.68336, 30, 48.2098, 30, 11.68336
3 : 30, 27.97629, 30, 33.76005, 19.24723, -10.7326, 30, 33.76005
4 : 30, -12.86805, 22.0011, 17.31025, 19.42643, -24.17478, 30, 17.31025

25 Genetic : 0.4076479 Moved
1 : 28.70442, 60, 24.3498, -58.35798, 30, -60, 30, -58.35798
2 : 30, -57.63316, 30, 11.68336, 30, 48.2098, 30, 11.68336
3 : 30, 27.97629, 30, 33.76005, 19.24723, -10.7326, 30, 33.76005
4 : 30, -12.86805, 22.0011, 17.31025, 19.42643, -24.17478, 30, 17.31025

26 Genetic : 0.3902237 Moved
1 : 28.70442, 60, 24.3498, -58.35798, 30, -60, 30, -58.35798
2 : 30, -57.63316, 30, 11.68336, 30, 48.2098, 30, 11.68336
3 : 30, 27.97629, 30, 33.76005, 19.24723, -10.7326, 30, 33.76005
4 : 30, -12.86805, 22.0011, 17.31025, 19.42643, -24.17478, 30, 17.31025

27 Genetic : 0.3843519 Moved
1 : 28.70442, 60, 24.3498, -58.35798, 30, -60, 30, -58.35798
2 : 30, -57.63316, 30, 11.68336, 30, 48.2098, 30, 11.68336
3 : 30, 27.97629, 30, 33.76005, 19.24723, -10.7326, 30, 33.76005
4 : 30, -12.86805, 22.0011, 17.31025, 19.42643, -24.17478, 30, 17.31025

28 Genetic : 0.3833121 Moved
1 : 28.70442, 60, 24.3498, -58.35798, 30, -60, 30, -58.35798
2 : 30, -57.63316, 30, 11.68336, 30, 48.2098, 30, 11.68336
3 : 30, 27.97629, 30, 33.76005, 19.24723, -10.7326, 30, 33.76005
4 : 30, -12.86805, 22.0011, 17.31025, 19.42643, -24.17478, 30, 17.31025

29 Genetic : 0.3479119 Moved
1 : 28.70442, 60, 24.3498, -58.35798, 30, -60, 30, -58.35798
2 : 30, -57.63316, 30, 11.68336, 30, 48.2098, 30, 11.68336
3 : 30, 27.97629, 30, 33.76005, 19.24723, -10.7326, 30, 33.76005
4 : 30, -12.86805, 22.0011, 17.31025, 19.42643, -24.17478, 30, 17.31025

30 Genetic : 0.2990971 Moved
1 : 28.70442, 60, 24.3498, -58.35798, 30, -60, 30, -58.35798
2 : 30, -57.63316, 30, 11.68336, 30, 48.2098, 30, 11.68336
3 : 30, 27.97629, 30, 33.76005, 19.24723, -10.7326, 30, 33.76005
4 : 30, -12.86805, 22.0011, 17.31025, 19.42643, -24.17478, 30, 17.31025

31 Genetic : 0.2606856 Moved
1 : 28.70442, 60, 24.3498, -58.35798, 30, -60, 30, -58.35798
2 : 30, -57.63316, 30, 11.68336, 30, 48.2098, 30, 11.68336
3 : 30, 27.97629, 30, 33.76005, 19.24723, -10.7326, 30, 33.76005
4 : 30, -12.86805, 22.0011, 17.31025, 19.42643, -24.17478, 30, 17.31025

32 Genetic : 0.2538739 Moved
1 : 28.70442, 60, 24.3498, -58.35798, 30, -60, 30, -58.35798
2 : 30, -57.63316, 30, 11.68336, 30, 48.2098, 30, 11.68336
3 : 30, 27.97629, 30, 33.76005, 19.24723, -10.7326, 30, 33.76005
4 : 30, -12.86805, 22.0011, 17.31025, 19.42643, -24.17478, 30, 17.31025

