1 Genetic : 0.6792463 Moved
1 : 26.33163, 47.98334, 11.74391, 32.51222, 30, 60, 23.29522, 32.51222
2 : 13.14474, -51.71194, 30, -31.68726, 23.41564, -5.980901, 22.64938, -31.68726
3 : 30, 28.87387, 30, 57.24907, 30, 9.313836, 21.89953, 57.24907
4 : 30, 60, 30, -33.92667, 30, -33.31215, 27.19355, -33.92667

2 Genetic : 0.6436356 Moved
1 : 26.33163, 47.98334, 11.74391, 32.51222, 30, 60, 23.29522, 32.51222
2 : 13.14474, -51.71194, 30, -31.68726, 23.41564, -5.980901, 22.64938, -31.68726
3 : 30, 28.87387, 30, 57.24907, 30, 9.313836, 21.89953, 57.24907
4 : 30, 60, 30, -33.92667, 30, -33.31215, 27.19355, -33.92667

3 Genetic : 0.6249688 Moved
1 : 26.33163, 47.98334, 11.74391, 32.51222, 30, 60, 23.29522, 32.51222
2 : 13.14474, -51.71194, 30, -31.68726, 23.41564, -5.980901, 22.64938, -31.68726
3 : 30, 28.87387, 30, 57.24907, 30, 9.313836, 21.89953, 57.24907
4 : 30, 60, 30, -33.92667, 30, -33.31215, 27.19355, -33.92667

4 Genetic : 0.4164642 Moved
1 : 26.33163, 47.98334, 11.74391, 32.51222, 30, 60, 23.29522, 32.51222
2 : 13.14474, -51.71194, 30, -31.68726, 23.41564, -5.980901, 22.64938, -31.68726
3 : 30, 28.87387, 30, 57.24907, 30, 9.313836, 21.89953, 57.24907
4 : 30, 60, 30, -33.92667, 30, -33.31215, 27.19355, -33.92667

5 Genetic : 0.3080902 Moved
1 : 26.33163, 47.98334, 11.74391, 32.51222, 30, 60, 23.29522, 32.51222
2 : 13.14474, -51.71194, 30, -31.68726, 23.41564, -5.980901, 22.64938, -31.68726
3 : 30, 28.87387, 30, 57.24907, 30, 9.313836, 21.89953, 57.24907
4 : 30, 60, 30, -33.92667, 30, -33.31215, 27.19355, -33.92667

6 Genetic : 0.2855645 Moved
1 : 26.33163, 47.98334, 11.74391, 32.51222, 30, 60, 23.29522, 32.51222
2 : 13.14474, -51.71194, 30, -31.68726, 23.41564, -5.980901, 22.64938, -31.68726
3 : 30, 28.87387, 30, 57.24907, 30, 9.313836, 21.89953, 57.24907
4 : 30, 60, 30, -33.92667, 30, -33.31215, 27.19355, -33.92667

7 Genetic : 0.2848349 Moved
1 : 26.33163, 47.98334, 11.74391, 32.51222, 30, 60, 23.29522, 32.51222
2 : 13.14474, -51.71194, 30, -31.68726, 23.41564, -5.980901, 22.64938, -31.68726
3 : 30, 28.87387, 30, 57.24907, 30, 9.313836, 21.89953, 57.24907
4 : 30, 60, 30, -33.92667, 30, -33.31215, 27.19355, -33.92667

8 Genetic : 0.28132 Moved
1 : 26.33163, 47.98334, 11.74391, 32.51222, 30, 60, 23.29522, 32.51222
2 : 13.14474, -51.71194, 30, -31.68726, 23.41564, -5.980901, 22.64938, -31.68726
3 : 30, 28.87387, 30, 57.24907, 30, 9.313836, 21.89953, 57.24907
4 : 30, 60, 30, -33.92667, 30, -33.31215, 27.19355, -33.92667

9 Genetic : 0.204844 Moved
1 : 26.33163, 47.98334, 11.74391, 32.51222, 30, 60, 23.29522, 32.51222
2 : 13.14474, -51.71194, 30, -31.68726, 23.41564, -5.980901, 22.64938, -31.68726
3 : 30, 28.87387, 30, 57.24907, 30, 9.313836, 21.89953, 57.24907
4 : 30, 60, 30, -33.92667, 30, -33.31215, 27.19355, -33.92667

10 Genetic : 0.1873333 Moved
1 : 26.33163, 47.98334, 11.74391, 32.51222, 30, 60, 23.29522, 32.51222
2 : 13.14474, -51.71194, 30, -31.68726, 23.41564, -5.980901, 22.64938, -31.68726
3 : 30, 28.87387, 30, 57.24907, 30, 9.313836, 21.89953, 57.24907
4 : 30, 60, 30, -33.92667, 30, -33.31215, 27.19355, -33.92667

11 Genetic : 0.1784453 Moved
1 : 26.33163, 47.98334, 11.74391, 32.51222, 30, 60, 23.29522, 32.51222
2 : 13.14474, -51.71194, 30, -31.68726, 23.41564, -5.980901, 22.64938, -31.68726
3 : 30, 28.87387, 30, 57.24907, 30, 9.313836, 21.89953, 57.24907
4 : 30, 60, 30, -33.92667, 30, -33.31215, 27.19355, -33.92667

12 Genetic : 0.1687273 Moved
1 : 26.33163, 47.98334, 11.74391, 32.51222, 30, 60, 23.29522, 32.51222
2 : 13.14474, -51.71194, 30, -31.68726, 23.41564, -5.980901, 22.64938, -31.68726
3 : 30, 28.87387, 30, 57.24907, 30, 9.313836, 21.89953, 57.24907
4 : 30, 60, 30, -33.92667, 30, -33.31215, 27.19355, -33.92667

13 Genetic : 0.1544757 Moved
1 : 26.33163, 47.98334, 11.74391, 32.51222, 30, 60, 23.29522, 32.51222
2 : 13.14474, -51.71194, 30, -31.68726, 23.41564, -5.980901, 22.64938, -31.68726
3 : 30, 28.87387, 30, 57.24907, 30, 9.313836, 21.89953, 57.24907
4 : 30, 60, 30, -33.92667, 30, -33.31215, 27.19355, -33.92667

14 Genetic : 0.1390914 Moved
1 : 26.33163, 47.98334, 11.74391, 32.51222, 30, 60, 23.29522, 32.51222
2 : 13.14474, -51.71194, 30, -31.68726, 23.41564, -5.980901, 22.64938, -31.68726
3 : 30, 28.87387, 30, 57.24907, 30, 9.313836, 21.89953, 57.24907
4 : 30, 60, 30, -33.92667, 30, -33.31215, 27.19355, -33.92667

15 Genetic : 0.1253246 Moved
1 : 26.33163, 47.98334, 11.74391, 32.51222, 30, 60, 23.29522, 32.51222
2 : 13.14474, -51.71194, 30, -31.68726, 23.41564, -5.980901, 22.64938, -31.68726
3 : 30, 28.87387, 30, 57.24907, 30, 9.313836, 21.89953, 57.24907
4 : 30, 60, 30, -33.92667, 30, -33.31215, 27.19355, -33.92667

16 Genetic : 0.1109919 Moved
1 : 26.33163, 47.98334, 11.74391, 32.51222, 30, 60, 23.29522, 32.51222
2 : 13.14474, -51.71194, 30, -31.68726, 23.41564, -5.980901, 22.64938, -31.68726
3 : 30, 28.87387, 30, 57.24907, 30, 9.313836, 21.89953, 57.24907
4 : 30, 60, 30, -33.92667, 30, -33.31215, 27.19355, -33.92667

17 Genetic : 0.08388037 Moved
1 : 26.33163, 47.98334, 11.74391, 32.51222, 30, 60, 23.29522, 32.51222
2 : 13.14474, -51.71194, 30, -31.68726, 23.41564, -5.980901, 22.64938, -31.68726
3 : 30, 28.87387, 30, 57.24907, 30, 9.313836, 21.89953, 57.24907
4 : 30, 60, 30, -33.92667, 30, -33.31215, 27.19355, -33.92667

18 Genetic : 0.06368692 Moved
1 : 26.33163, 47.98334, 11.74391, 32.51222, 30, 60, 23.29522, 32.51222
2 : 13.14474, -51.71194, 30, -31.68726, 23.41564, -5.980901, 22.64938, -31.68726
3 : 30, 28.87387, 30, 57.24907, 30, 9.313836, 21.89953, 57.24907
4 : 30, 60, 30, -33.92667, 30, -33.31215, 27.19355, -33.92667

19 Genetic : 0.02409208 Moved
1 : 26.33163, 47.98334, 11.74391, 32.51222, 30, 60, 23.29522, 32.51222
2 : 13.14474, -51.71194, 30, -31.68726, 23.41564, -5.980901, 22.64938, -31.68726
3 : 30, 28.87387, 30, 57.24907, 30, 9.313836, 21.89953, 57.24907
4 : 30, 60, 30, -33.92667, 30, -33.31215, 27.19355, -33.92667

20 Genetic : 0.01941577 Moved
1 : 26.33163, 47.98334, 11.74391, 32.51222, 30, 60, 23.29522, 32.51222
2 : 13.14474, -51.71194, 30, -31.68726, 23.41564, -5.980901, 22.64938, -31.68726
3 : 30, 28.87387, 30, 57.24907, 30, 9.313836, 21.89953, 57.24907
4 : 30, 60, 30, -33.92667, 30, -33.31215, 27.19355, -33.92667

21 Genetic : 0.0170444 Moved
1 : 26.33163, 47.98334, 11.74391, 32.51222, 30, 60, 23.29522, 32.51222
2 : 13.14474, -51.71194, 30, -31.68726, 23.41564, -5.980901, 22.64938, -31.68726
3 : 30, 28.87387, 30, 57.24907, 30, 9.313836, 21.89953, 57.24907
4 : 30, 60, 30, -33.92667, 30, -33.31215, 27.19355, -33.92667

22 Genetic : 0.01350065 Moved
1 : 26.33163, 47.98334, 11.74391, 32.51222, 30, 60, 23.29522, 32.51222
2 : 13.14474, -51.71194, 30, -31.68726, 23.41564, -5.980901, 22.64938, -31.68726
3 : 30, 28.87387, 30, 57.24907, 30, 9.313836, 21.89953, 57.24907
4 : 30, 60, 30, -33.92667, 30, -33.31215, 27.19355, -33.92667

23 Genetic : 0.01090374 Moved
1 : 26.33163, 47.98334, 11.74391, 32.51222, 30, 60, 23.29522, 32.51222
2 : 13.14474, -51.71194, 30, -31.68726, 23.41564, -5.980901, 22.64938, -31.68726
3 : 30, 28.87387, 30, 57.24907, 30, 9.313836, 21.89953, 57.24907
4 : 30, 60, 30, -33.92667, 30, -33.31215, 27.19355, -33.92667

24 Genetic : 0.003031857 Moved
1 : 26.33163, 47.98334, 11.74391, 32.51222, 30, 60, 23.29522, 32.51222
2 : 13.14474, -51.71194, 30, -31.68726, 23.41564, -5.980901, 22.64938, -31.68726
3 : 30, 28.87387, 30, 57.24907, 30, 9.313836, 21.89953, 57.24907
4 : 30, 60, 30, -33.92667, 30, -33.31215, 27.19355, -33.92667

25 Genetic : -0.009035394 Moved
1 : 26.33163, 47.98334, 11.74391, 32.51222, 30, 60, 23.29522, 32.51222
2 : 13.14474, -51.71194, 30, -31.68726, 23.41564, -5.980901, 22.64938, -31.68726
3 : 30, 28.87387, 30, 57.24907, 30, 9.313836, 21.89953, 57.24907
4 : 30, 60, 30, -33.92667, 30, -33.31215, 27.19355, -33.92667

26 Genetic : -0.0145067 Moved
1 : 26.33163, 47.98334, 11.74391, 32.51222, 30, 60, 23.29522, 32.51222
2 : 13.14474, -51.71194, 30, -31.68726, 23.41564, -5.980901, 22.64938, -31.68726
3 : 30, 28.87387, 30, 57.24907, 30, 9.313836, 21.89953, 57.24907
4 : 30, 60, 30, -33.92667, 30, -33.31215, 27.19355, -33.92667

27 Genetic : -0.02449481 Moved
1 : 26.33163, 47.98334, 11.74391, 32.51222, 30, 60, 23.29522, 32.51222
2 : 13.14474, -51.71194, 30, -31.68726, 23.41564, -5.980901, 22.64938, -31.68726
3 : 30, 28.87387, 30, 57.24907, 30, 9.313836, 21.89953, 57.24907
4 : 30, 60, 30, -33.92667, 30, -33.31215, 27.19355, -33.92667

28 Genetic : -0.03220039 Moved
1 : 26.33163, 47.98334, 11.74391, 32.51222, 30, 60, 23.29522, 32.51222
2 : 13.14474, -51.71194, 30, -31.68726, 23.41564, -5.980901, 22.64938, -31.68726
3 : 30, 28.87387, 30, 57.24907, 30, 9.313836, 21.89953, 57.24907
4 : 30, 60, 30, -33.92667, 30, -33.31215, 27.19355, -33.92667

29 Genetic : -0.0405281 Moved
1 : 26.33163, 47.98334, 11.74391, 32.51222, 30, 60, 23.29522, 32.51222
2 : 13.14474, -51.71194, 30, -31.68726, 23.41564, -5.980901, 22.64938, -31.68726
3 : 30, 28.87387, 30, 57.24907, 30, 9.313836, 21.89953, 57.24907
4 : 30, 60, 30, -33.92667, 30, -33.31215, 27.19355, -33.92667

30 Genetic : -0.05038252 Moved
1 : 26.33163, 47.98334, 11.74391, 32.51222, 30, 60, 23.29522, 32.51222
2 : 13.14474, -51.71194, 30, -31.68726, 23.41564, -5.980901, 22.64938, -31.68726
3 : 30, 28.87387, 30, 57.24907, 30, 9.313836, 21.89953, 57.24907
4 : 30, 60, 30, -33.92667, 30, -33.31215, 27.19355, -33.92667

31 Genetic : -0.05768583 Moved
1 : 26.33163, 47.98334, 11.74391, 32.51222, 30, 60, 23.29522, 32.51222
2 : 13.14474, -51.71194, 30, -31.68726, 23.41564, -5.980901, 22.64938, -31.68726
3 : 30, 28.87387, 30, 57.24907, 30, 9.313836, 21.89953, 57.24907
4 : 30, 60, 30, -33.92667, 30, -33.31215, 27.19355, -33.92667

32 Genetic : -0.08303028 Moved
1 : 26.33163, 47.98334, 11.74391, 32.51222, 30, 60, 23.29522, 32.51222
2 : 13.14474, -51.71194, 30, -31.68726, 23.41564, -5.980901, 22.64938, -31.68726
3 : 30, 28.87387, 30, 57.24907, 30, 9.313836, 21.89953, 57.24907
4 : 30, 60, 30, -33.92667, 30, -33.31215, 27.19355, -33.92667

