1 Genetic : 1.646955 Moved
1 : 30, 15.94105, 30, 32.99667, 30, -60, 30, 32.99667
2 : 26.80517, 26.46362, 28.24888, -33.82252, 24.79668, 26.84413, 29.72872, -33.82252
3 : 24.47213, -34.87287, 30, -8.13104, 30, -47.91542, 30, -8.13104
4 : 30, 28.0812, 30, 32.79044, 30, 13.61465, 30, 32.79044

2 Genetic : 1.609295 Moved
1 : 30, 15.94105, 30, 32.99667, 30, -60, 30, 32.99667
2 : 26.80517, 26.46362, 28.24888, -33.82252, 24.79668, 26.84413, 29.72872, -33.82252
3 : 24.47213, -34.87287, 30, -8.13104, 30, -47.91542, 30, -8.13104
4 : 30, 28.0812, 30, 32.79044, 30, 13.61465, 30, 32.79044

3 Genetic : 1.55084 Moved
1 : 30, 15.94105, 30, 32.99667, 30, -60, 30, 32.99667
2 : 26.80517, 26.46362, 28.24888, -33.82252, 24.79668, 26.84413, 29.72872, -33.82252
3 : 24.47213, -34.87287, 30, -8.13104, 30, -47.91542, 30, -8.13104
4 : 30, 28.0812, 30, 32.79044, 30, 13.61465, 30, 32.79044

4 Genetic : 1.539571 Moved
1 : 30, 15.94105, 30, 32.99667, 30, -60, 30, 32.99667
2 : 26.80517, 26.46362, 28.24888, -33.82252, 24.79668, 26.84413, 29.72872, -33.82252
3 : 24.47213, -34.87287, 30, -8.13104, 30, -47.91542, 30, -8.13104
4 : 30, 28.0812, 30, 32.79044, 30, 13.61465, 30, 32.79044

5 Genetic : 1.476123 Moved
1 : 30, 15.94105, 30, 32.99667, 30, -60, 30, 32.99667
2 : 26.80517, 26.46362, 28.24888, -33.82252, 24.79668, 26.84413, 29.72872, -33.82252
3 : 24.47213, -34.87287, 30, -8.13104, 30, -47.91542, 30, -8.13104
4 : 30, 28.0812, 30, 32.79044, 30, 13.61465, 30, 32.79044

6 Genetic : 1.454019 Moved
1 : 30, 15.94105, 30, 32.99667, 30, -60, 30, 32.99667
2 : 26.80517, 26.46362, 28.24888, -33.82252, 24.79668, 26.84413, 29.72872, -33.82252
3 : 24.47213, -34.87287, 30, -8.13104, 30, -47.91542, 30, -8.13104
4 : 30, 28.0812, 30, 32.79044, 30, 13.61465, 30, 32.79044

7 Genetic : 1.339893 Moved
1 : 30, 15.94105, 30, 32.99667, 30, -60, 30, 32.99667
2 : 26.80517, 26.46362, 28.24888, -33.82252, 24.79668, 26.84413, 29.72872, -33.82252
3 : 24.47213, -34.87287, 30, -8.13104, 30, -47.91542, 30, -8.13104
4 : 30, 28.0812, 30, 32.79044, 30, 13.61465, 30, 32.79044

8 Genetic : 1.336893 Moved
1 : 30, 15.94105, 30, 32.99667, 30, -60, 30, 32.99667
2 : 26.80517, 26.46362, 28.24888, -33.82252, 24.79668, 26.84413, 29.72872, -33.82252
3 : 24.47213, -34.87287, 30, -8.13104, 30, -47.91542, 30, -8.13104
4 : 30, 28.0812, 30, 32.79044, 30, 13.61465, 30, 32.79044

9 Genetic : 1.242025 Moved
1 : 30, 15.94105, 30, 32.99667, 30, -60, 30, 32.99667
2 : 26.80517, 26.46362, 28.24888, -33.82252, 24.79668, 26.84413, 29.72872, -33.82252
3 : 24.47213, -34.87287, 30, -8.13104, 30, -47.91542, 30, -8.13104
4 : 30, 28.0812, 30, 32.79044, 30, 13.61465, 30, 32.79044

10 Genetic : 1.2366 Moved
1 : 30, 15.94105, 30, 32.99667, 30, -60, 30, 32.99667
2 : 26.80517, 26.46362, 28.24888, -33.82252, 24.79668, 26.84413, 29.72872, -33.82252
3 : 24.47213, -34.87287, 30, -8.13104, 30, -47.91542, 30, -8.13104
4 : 30, 28.0812, 30, 32.79044, 30, 13.61465, 30, 32.79044

11 Genetic : 1.188833 Moved
1 : 30, 15.94105, 30, 32.99667, 30, -60, 30, 32.99667
2 : 26.80517, 26.46362, 28.24888, -33.82252, 24.79668, 26.84413, 29.72872, -33.82252
3 : 24.47213, -34.87287, 30, -8.13104, 30, -47.91542, 30, -8.13104
4 : 30, 28.0812, 30, 32.79044, 30, 13.61465, 30, 32.79044

12 Genetic : 1.176088 Moved
1 : 30, 15.94105, 30, 32.99667, 30, -60, 30, 32.99667
2 : 26.80517, 26.46362, 28.24888, -33.82252, 24.79668, 26.84413, 29.72872, -33.82252
3 : 24.47213, -34.87287, 30, -8.13104, 30, -47.91542, 30, -8.13104
4 : 30, 28.0812, 30, 32.79044, 30, 13.61465, 30, 32.79044

13 Genetic : 1.167753 Moved
1 : 30, 15.94105, 30, 32.99667, 30, -60, 30, 32.99667
2 : 26.80517, 26.46362, 28.24888, -33.82252, 24.79668, 26.84413, 29.72872, -33.82252
3 : 24.47213, -34.87287, 30, -8.13104, 30, -47.91542, 30, -8.13104
4 : 30, 28.0812, 30, 32.79044, 30, 13.61465, 30, 32.79044

14 Genetic : 1.160124 Moved
1 : 30, 15.94105, 30, 32.99667, 30, -60, 30, 32.99667
2 : 26.80517, 26.46362, 28.24888, -33.82252, 24.79668, 26.84413, 29.72872, -33.82252
3 : 24.47213, -34.87287, 30, -8.13104, 30, -47.91542, 30, -8.13104
4 : 30, 28.0812, 30, 32.79044, 30, 13.61465, 30, 32.79044

15 Genetic : 1.13353 Moved
1 : 30, 15.94105, 30, 32.99667, 30, -60, 30, 32.99667
2 : 26.80517, 26.46362, 28.24888, -33.82252, 24.79668, 26.84413, 29.72872, -33.82252
3 : 24.47213, -34.87287, 30, -8.13104, 30, -47.91542, 30, -8.13104
4 : 30, 28.0812, 30, 32.79044, 30, 13.61465, 30, 32.79044

16 Genetic : 1.108018 Moved
1 : 30, 15.94105, 30, 32.99667, 30, -60, 30, 32.99667
2 : 26.80517, 26.46362, 28.24888, -33.82252, 24.79668, 26.84413, 29.72872, -33.82252
3 : 24.47213, -34.87287, 30, -8.13104, 30, -47.91542, 30, -8.13104
4 : 30, 28.0812, 30, 32.79044, 30, 13.61465, 30, 32.79044

17 Genetic : 1.105942 Moved
1 : 30, 15.94105, 30, 32.99667, 30, -60, 30, 32.99667
2 : 26.80517, 26.46362, 28.24888, -33.82252, 24.79668, 26.84413, 29.72872, -33.82252
3 : 24.47213, -34.87287, 30, -8.13104, 30, -47.91542, 30, -8.13104
4 : 30, 28.0812, 30, 32.79044, 30, 13.61465, 30, 32.79044

18 Genetic : 1.105318 Moved
1 : 30, 15.94105, 30, 32.99667, 30, -60, 30, 32.99667
2 : 26.80517, 26.46362, 28.24888, -33.82252, 24.79668, 26.84413, 29.72872, -33.82252
3 : 24.47213, -34.87287, 30, -8.13104, 30, -47.91542, 30, -8.13104
4 : 30, 28.0812, 30, 32.79044, 30, 13.61465, 30, 32.79044

19 Genetic : 1.075355 Moved
1 : 30, 15.94105, 30, 32.99667, 30, -60, 30, 32.99667
2 : 26.80517, 26.46362, 28.24888, -33.82252, 24.79668, 26.84413, 29.72872, -33.82252
3 : 24.47213, -34.87287, 30, -8.13104, 30, -47.91542, 30, -8.13104
4 : 30, 28.0812, 30, 32.79044, 30, 13.61465, 30, 32.79044

20 Genetic : 1.071824 Moved
1 : 30, 15.94105, 30, 32.99667, 30, -60, 30, 32.99667
2 : 26.80517, 26.46362, 28.24888, -33.82252, 24.79668, 26.84413, 29.72872, -33.82252
3 : 24.47213, -34.87287, 30, -8.13104, 30, -47.91542, 30, -8.13104
4 : 30, 28.0812, 30, 32.79044, 30, 13.61465, 30, 32.79044

21 Genetic : 1.061546 Moved
1 : 30, 15.94105, 30, 32.99667, 30, -60, 30, 32.99667
2 : 26.80517, 26.46362, 28.24888, -33.82252, 24.79668, 26.84413, 29.72872, -33.82252
3 : 24.47213, -34.87287, 30, -8.13104, 30, -47.91542, 30, -8.13104
4 : 30, 28.0812, 30, 32.79044, 30, 13.61465, 30, 32.79044

22 Genetic : 1.057613 Moved
1 : 30, 15.94105, 30, 32.99667, 30, -60, 30, 32.99667
2 : 26.80517, 26.46362, 28.24888, -33.82252, 24.79668, 26.84413, 29.72872, -33.82252
3 : 24.47213, -34.87287, 30, -8.13104, 30, -47.91542, 30, -8.13104
4 : 30, 28.0812, 30, 32.79044, 30, 13.61465, 30, 32.79044

23 Genetic : 1.057279 Moved
1 : 30, 15.94105, 30, 32.99667, 30, -60, 30, 32.99667
2 : 26.80517, 26.46362, 28.24888, -33.82252, 24.79668, 26.84413, 29.72872, -33.82252
3 : 24.47213, -34.87287, 30, -8.13104, 30, -47.91542, 30, -8.13104
4 : 30, 28.0812, 30, 32.79044, 30, 13.61465, 30, 32.79044

24 Genetic : 1.045551 Moved
1 : 30, 15.94105, 30, 32.99667, 30, -60, 30, 32.99667
2 : 26.80517, 26.46362, 28.24888, -33.82252, 24.79668, 26.84413, 29.72872, -33.82252
3 : 24.47213, -34.87287, 30, -8.13104, 30, -47.91542, 30, -8.13104
4 : 30, 28.0812, 30, 32.79044, 30, 13.61465, 30, 32.79044

25 Genetic : 1.019202 Moved
1 : 30, 15.94105, 30, 32.99667, 30, -60, 30, 32.99667
2 : 26.80517, 26.46362, 28.24888, -33.82252, 24.79668, 26.84413, 29.72872, -33.82252
3 : 24.47213, -34.87287, 30, -8.13104, 30, -47.91542, 30, -8.13104
4 : 30, 28.0812, 30, 32.79044, 30, 13.61465, 30, 32.79044

26 Genetic : 1.01695 Moved
1 : 30, 15.94105, 30, 32.99667, 30, -60, 30, 32.99667
2 : 26.80517, 26.46362, 28.24888, -33.82252, 24.79668, 26.84413, 29.72872, -33.82252
3 : 24.47213, -34.87287, 30, -8.13104, 30, -47.91542, 30, -8.13104
4 : 30, 28.0812, 30, 32.79044, 30, 13.61465, 30, 32.79044

27 Genetic : 1.002724 Moved
1 : 30, 15.94105, 30, 32.99667, 30, -60, 30, 32.99667
2 : 26.80517, 26.46362, 28.24888, -33.82252, 24.79668, 26.84413, 29.72872, -33.82252
3 : 24.47213, -34.87287, 30, -8.13104, 30, -47.91542, 30, -8.13104
4 : 30, 28.0812, 30, 32.79044, 30, 13.61465, 30, 32.79044

28 Genetic : 1.002065 Moved
1 : 30, 15.94105, 30, 32.99667, 30, -60, 30, 32.99667
2 : 26.80517, 26.46362, 28.24888, -33.82252, 24.79668, 26.84413, 29.72872, -33.82252
3 : 24.47213, -34.87287, 30, -8.13104, 30, -47.91542, 30, -8.13104
4 : 30, 28.0812, 30, 32.79044, 30, 13.61465, 30, 32.79044

29 Genetic : 0.9922909 Moved
1 : 30, 15.94105, 30, 32.99667, 30, -60, 30, 32.99667
2 : 26.80517, 26.46362, 28.24888, -33.82252, 24.79668, 26.84413, 29.72872, -33.82252
3 : 24.47213, -34.87287, 30, -8.13104, 30, -47.91542, 30, -8.13104
4 : 30, 28.0812, 30, 32.79044, 30, 13.61465, 30, 32.79044

30 Genetic : 0.9797987 Moved
1 : 30, 15.94105, 30, 32.99667, 30, -60, 30, 32.99667
2 : 26.80517, 26.46362, 28.24888, -33.82252, 24.79668, 26.84413, 29.72872, -33.82252
3 : 24.47213, -34.87287, 30, -8.13104, 30, -47.91542, 30, -8.13104
4 : 30, 28.0812, 30, 32.79044, 30, 13.61465, 30, 32.79044

31 Genetic : 0.9730555 Moved
1 : 30, 15.94105, 30, 32.99667, 30, -60, 30, 32.99667
2 : 26.80517, 26.46362, 28.24888, -33.82252, 24.79668, 26.84413, 29.72872, -33.82252
3 : 24.47213, -34.87287, 30, -8.13104, 30, -47.91542, 30, -8.13104
4 : 30, 28.0812, 30, 32.79044, 30, 13.61465, 30, 32.79044

32 Genetic : 0.9422296 Moved
1 : 30, 15.94105, 30, 32.99667, 30, -60, 30, 32.99667
2 : 26.80517, 26.46362, 28.24888, -33.82252, 24.79668, 26.84413, 29.72872, -33.82252
3 : 24.47213, -34.87287, 30, -8.13104, 30, -47.91542, 30, -8.13104
4 : 30, 28.0812, 30, 32.79044, 30, 13.61465, 30, 32.79044

