1 Genetic : 1.645509 Moved
1 : 30, -31.21751, 22.12465, 29.03084, 29.48827, 60, 24.74903, 29.03084
2 : 30, 7.577597, 30, -38.37725, 30, 51.78262, 30, -38.37725
3 : 30, -18.40967, 24.30654, -11.08455, 30, -42.84239, 29.2767, -11.08455
4 : 30, 3.803071, 30, 60, 30, -7.675034, 23.95785, 60

2 Genetic : 1.571662 Moved
1 : 30, -31.21751, 22.12465, 29.03084, 29.48827, 60, 24.74903, 29.03084
2 : 30, 7.577597, 30, -38.37725, 30, 51.78262, 30, -38.37725
3 : 30, -18.40967, 24.30654, -11.08455, 30, -42.84239, 29.2767, -11.08455
4 : 30, 3.803071, 30, 60, 30, -7.675034, 23.95785, 60

3 Genetic : 1.453218 Moved
1 : 30, -31.21751, 22.12465, 29.03084, 29.48827, 60, 24.74903, 29.03084
2 : 30, 7.577597, 30, -38.37725, 30, 51.78262, 30, -38.37725
3 : 30, -18.40967, 24.30654, -11.08455, 30, -42.84239, 29.2767, -11.08455
4 : 30, 3.803071, 30, 60, 30, -7.675034, 23.95785, 60

4 Genetic : 1.444045 Moved
1 : 30, -31.21751, 22.12465, 29.03084, 29.48827, 60, 24.74903, 29.03084
2 : 30, 7.577597, 30, -38.37725, 30, 51.78262, 30, -38.37725
3 : 30, -18.40967, 24.30654, -11.08455, 30, -42.84239, 29.2767, -11.08455
4 : 30, 3.803071, 30, 60, 30, -7.675034, 23.95785, 60

5 Genetic : 1.349699 Moved
1 : 30, -31.21751, 22.12465, 29.03084, 29.48827, 60, 24.74903, 29.03084
2 : 30, 7.577597, 30, -38.37725, 30, 51.78262, 30, -38.37725
3 : 30, -18.40967, 24.30654, -11.08455, 30, -42.84239, 29.2767, -11.08455
4 : 30, 3.803071, 30, 60, 30, -7.675034, 23.95785, 60

6 Genetic : 1.331714 Moved
1 : 30, -31.21751, 22.12465, 29.03084, 29.48827, 60, 24.74903, 29.03084
2 : 30, 7.577597, 30, -38.37725, 30, 51.78262, 30, -38.37725
3 : 30, -18.40967, 24.30654, -11.08455, 30, -42.84239, 29.2767, -11.08455
4 : 30, 3.803071, 30, 60, 30, -7.675034, 23.95785, 60

7 Genetic : 1.239192 Moved
1 : 30, -31.21751, 22.12465, 29.03084, 29.48827, 60, 24.74903, 29.03084
2 : 30, 7.577597, 30, -38.37725, 30, 51.78262, 30, -38.37725
3 : 30, -18.40967, 24.30654, -11.08455, 30, -42.84239, 29.2767, -11.08455
4 : 30, 3.803071, 30, 60, 30, -7.675034, 23.95785, 60

8 Genetic : 1.180832 Moved
1 : 30, -31.21751, 22.12465, 29.03084, 29.48827, 60, 24.74903, 29.03084
2 : 30, 7.577597, 30, -38.37725, 30, 51.78262, 30, -38.37725
3 : 30, -18.40967, 24.30654, -11.08455, 30, -42.84239, 29.2767, -11.08455
4 : 30, 3.803071, 30, 60, 30, -7.675034, 23.95785, 60

9 Genetic : 1.153815 Moved
1 : 30, -31.21751, 22.12465, 29.03084, 29.48827, 60, 24.74903, 29.03084
2 : 30, 7.577597, 30, -38.37725, 30, 51.78262, 30, -38.37725
3 : 30, -18.40967, 24.30654, -11.08455, 30, -42.84239, 29.2767, -11.08455
4 : 30, 3.803071, 30, 60, 30, -7.675034, 23.95785, 60

10 Genetic : 1.138998 Moved
1 : 30, -31.21751, 22.12465, 29.03084, 29.48827, 60, 24.74903, 29.03084
2 : 30, 7.577597, 30, -38.37725, 30, 51.78262, 30, -38.37725
3 : 30, -18.40967, 24.30654, -11.08455, 30, -42.84239, 29.2767, -11.08455
4 : 30, 3.803071, 30, 60, 30, -7.675034, 23.95785, 60

11 Genetic : 1.129371 Moved
1 : 30, -31.21751, 22.12465, 29.03084, 29.48827, 60, 24.74903, 29.03084
2 : 30, 7.577597, 30, -38.37725, 30, 51.78262, 30, -38.37725
3 : 30, -18.40967, 24.30654, -11.08455, 30, -42.84239, 29.2767, -11.08455
4 : 30, 3.803071, 30, 60, 30, -7.675034, 23.95785, 60

12 Genetic : 1.1082 Moved
1 : 30, -31.21751, 22.12465, 29.03084, 29.48827, 60, 24.74903, 29.03084
2 : 30, 7.577597, 30, -38.37725, 30, 51.78262, 30, -38.37725
3 : 30, -18.40967, 24.30654, -11.08455, 30, -42.84239, 29.2767, -11.08455
4 : 30, 3.803071, 30, 60, 30, -7.675034, 23.95785, 60

13 Genetic : 1.088609 Moved
1 : 30, -31.21751, 22.12465, 29.03084, 29.48827, 60, 24.74903, 29.03084
2 : 30, 7.577597, 30, -38.37725, 30, 51.78262, 30, -38.37725
3 : 30, -18.40967, 24.30654, -11.08455, 30, -42.84239, 29.2767, -11.08455
4 : 30, 3.803071, 30, 60, 30, -7.675034, 23.95785, 60

14 Genetic : 1.078525 Moved
1 : 30, -31.21751, 22.12465, 29.03084, 29.48827, 60, 24.74903, 29.03084
2 : 30, 7.577597, 30, -38.37725, 30, 51.78262, 30, -38.37725
3 : 30, -18.40967, 24.30654, -11.08455, 30, -42.84239, 29.2767, -11.08455
4 : 30, 3.803071, 30, 60, 30, -7.675034, 23.95785, 60

15 Genetic : 1.077639 Moved
1 : 30, -31.21751, 22.12465, 29.03084, 29.48827, 60, 24.74903, 29.03084
2 : 30, 7.577597, 30, -38.37725, 30, 51.78262, 30, -38.37725
3 : 30, -18.40967, 24.30654, -11.08455, 30, -42.84239, 29.2767, -11.08455
4 : 30, 3.803071, 30, 60, 30, -7.675034, 23.95785, 60

16 Genetic : 1.073339 Moved
1 : 30, -31.21751, 22.12465, 29.03084, 29.48827, 60, 24.74903, 29.03084
2 : 30, 7.577597, 30, -38.37725, 30, 51.78262, 30, -38.37725
3 : 30, -18.40967, 24.30654, -11.08455, 30, -42.84239, 29.2767, -11.08455
4 : 30, 3.803071, 30, 60, 30, -7.675034, 23.95785, 60

17 Genetic : 1.059818 Moved
1 : 30, -31.21751, 22.12465, 29.03084, 29.48827, 60, 24.74903, 29.03084
2 : 30, 7.577597, 30, -38.37725, 30, 51.78262, 30, -38.37725
3 : 30, -18.40967, 24.30654, -11.08455, 30, -42.84239, 29.2767, -11.08455
4 : 30, 3.803071, 30, 60, 30, -7.675034, 23.95785, 60

18 Genetic : 1.032331 Moved
1 : 30, -31.21751, 22.12465, 29.03084, 29.48827, 60, 24.74903, 29.03084
2 : 30, 7.577597, 30, -38.37725, 30, 51.78262, 30, -38.37725
3 : 30, -18.40967, 24.30654, -11.08455, 30, -42.84239, 29.2767, -11.08455
4 : 30, 3.803071, 30, 60, 30, -7.675034, 23.95785, 60

19 Genetic : 1.026784 Moved
1 : 30, -31.21751, 22.12465, 29.03084, 29.48827, 60, 24.74903, 29.03084
2 : 30, 7.577597, 30, -38.37725, 30, 51.78262, 30, -38.37725
3 : 30, -18.40967, 24.30654, -11.08455, 30, -42.84239, 29.2767, -11.08455
4 : 30, 3.803071, 30, 60, 30, -7.675034, 23.95785, 60

20 Genetic : 0.9927922 Moved
1 : 30, -31.21751, 22.12465, 29.03084, 29.48827, 60, 24.74903, 29.03084
2 : 30, 7.577597, 30, -38.37725, 30, 51.78262, 30, -38.37725
3 : 30, -18.40967, 24.30654, -11.08455, 30, -42.84239, 29.2767, -11.08455
4 : 30, 3.803071, 30, 60, 30, -7.675034, 23.95785, 60

21 Genetic : 0.9729706 Moved
1 : 30, -31.21751, 22.12465, 29.03084, 29.48827, 60, 24.74903, 29.03084
2 : 30, 7.577597, 30, -38.37725, 30, 51.78262, 30, -38.37725
3 : 30, -18.40967, 24.30654, -11.08455, 30, -42.84239, 29.2767, -11.08455
4 : 30, 3.803071, 30, 60, 30, -7.675034, 23.95785, 60

22 Genetic : 0.9557538 Moved
1 : 30, -31.21751, 22.12465, 29.03084, 29.48827, 60, 24.74903, 29.03084
2 : 30, 7.577597, 30, -38.37725, 30, 51.78262, 30, -38.37725
3 : 30, -18.40967, 24.30654, -11.08455, 30, -42.84239, 29.2767, -11.08455
4 : 30, 3.803071, 30, 60, 30, -7.675034, 23.95785, 60

23 Genetic : 0.9304305 Moved
1 : 30, -31.21751, 22.12465, 29.03084, 29.48827, 60, 24.74903, 29.03084
2 : 30, 7.577597, 30, -38.37725, 30, 51.78262, 30, -38.37725
3 : 30, -18.40967, 24.30654, -11.08455, 30, -42.84239, 29.2767, -11.08455
4 : 30, 3.803071, 30, 60, 30, -7.675034, 23.95785, 60

24 Genetic : 0.9277664 Moved
1 : 30, -31.21751, 22.12465, 29.03084, 29.48827, 60, 24.74903, 29.03084
2 : 30, 7.577597, 30, -38.37725, 30, 51.78262, 30, -38.37725
3 : 30, -18.40967, 24.30654, -11.08455, 30, -42.84239, 29.2767, -11.08455
4 : 30, 3.803071, 30, 60, 30, -7.675034, 23.95785, 60

25 Genetic : 0.9093162 Moved
1 : 30, -31.21751, 22.12465, 29.03084, 29.48827, 60, 24.74903, 29.03084
2 : 30, 7.577597, 30, -38.37725, 30, 51.78262, 30, -38.37725
3 : 30, -18.40967, 24.30654, -11.08455, 30, -42.84239, 29.2767, -11.08455
4 : 30, 3.803071, 30, 60, 30, -7.675034, 23.95785, 60

26 Genetic : 0.9088398 Moved
1 : 30, -31.21751, 22.12465, 29.03084, 29.48827, 60, 24.74903, 29.03084
2 : 30, 7.577597, 30, -38.37725, 30, 51.78262, 30, -38.37725
3 : 30, -18.40967, 24.30654, -11.08455, 30, -42.84239, 29.2767, -11.08455
4 : 30, 3.803071, 30, 60, 30, -7.675034, 23.95785, 60

27 Genetic : 0.9005929 Moved
1 : 30, -31.21751, 22.12465, 29.03084, 29.48827, 60, 24.74903, 29.03084
2 : 30, 7.577597, 30, -38.37725, 30, 51.78262, 30, -38.37725
3 : 30, -18.40967, 24.30654, -11.08455, 30, -42.84239, 29.2767, -11.08455
4 : 30, 3.803071, 30, 60, 30, -7.675034, 23.95785, 60

28 Genetic : 0.9000694 Moved
1 : 30, -31.21751, 22.12465, 29.03084, 29.48827, 60, 24.74903, 29.03084
2 : 30, 7.577597, 30, -38.37725, 30, 51.78262, 30, -38.37725
3 : 30, -18.40967, 24.30654, -11.08455, 30, -42.84239, 29.2767, -11.08455
4 : 30, 3.803071, 30, 60, 30, -7.675034, 23.95785, 60

29 Genetic : 0.8992069 Moved
1 : 30, -31.21751, 22.12465, 29.03084, 29.48827, 60, 24.74903, 29.03084
2 : 30, 7.577597, 30, -38.37725, 30, 51.78262, 30, -38.37725
3 : 30, -18.40967, 24.30654, -11.08455, 30, -42.84239, 29.2767, -11.08455
4 : 30, 3.803071, 30, 60, 30, -7.675034, 23.95785, 60

30 Genetic : 0.8984124 Moved
1 : 30, -31.21751, 22.12465, 29.03084, 29.48827, 60, 24.74903, 29.03084
2 : 30, 7.577597, 30, -38.37725, 30, 51.78262, 30, -38.37725
3 : 30, -18.40967, 24.30654, -11.08455, 30, -42.84239, 29.2767, -11.08455
4 : 30, 3.803071, 30, 60, 30, -7.675034, 23.95785, 60

31 Genetic : 0.8798661 Moved
1 : 30, -31.21751, 22.12465, 29.03084, 29.48827, 60, 24.74903, 29.03084
2 : 30, 7.577597, 30, -38.37725, 30, 51.78262, 30, -38.37725
3 : 30, -18.40967, 24.30654, -11.08455, 30, -42.84239, 29.2767, -11.08455
4 : 30, 3.803071, 30, 60, 30, -7.675034, 23.95785, 60

32 Genetic : 0.8519646 Moved
1 : 30, -31.21751, 22.12465, 29.03084, 29.48827, 60, 24.74903, 29.03084
2 : 30, 7.577597, 30, -38.37725, 30, 51.78262, 30, -38.37725
3 : 30, -18.40967, 24.30654, -11.08455, 30, -42.84239, 29.2767, -11.08455
4 : 30, 3.803071, 30, 60, 30, -7.675034, 23.95785, 60

