1 Genetic : 6.364735 Moved
1 : 30, -28.5515, 24.89782, 50.64331, 28.63068, -41.95671, 30, 50.64331
2 : 30, -25.30533, 27.06405, -20.72323, 23.77575, 60, 29.43325, -20.72323
3 : 30, 24.39576, 30, -12.03839, 30, 23.24768, 30, -12.03839
4 : 30, 12.58724, 30, -12.41032, 29.956, -60, 30, -12.41032

2 Genetic : 6.206142 Moved
1 : 30, -28.5515, 24.89782, 50.64331, 28.63068, -41.95671, 30, 50.64331
2 : 30, -25.30533, 27.06405, -20.72323, 23.77575, 60, 29.43325, -20.72323
3 : 30, 24.39576, 30, -12.03839, 30, 23.24768, 30, -12.03839
4 : 30, 12.58724, 30, -12.41032, 29.956, -60, 30, -12.41032

3 Genetic : 5.947759 Moved
1 : 30, -28.5515, 24.89782, 50.64331, 28.63068, -41.95671, 30, 50.64331
2 : 30, -25.30533, 27.06405, -20.72323, 23.77575, 60, 29.43325, -20.72323
3 : 30, 24.39576, 30, -12.03839, 30, 23.24768, 30, -12.03839
4 : 30, 12.58724, 30, -12.41032, 29.956, -60, 30, -12.41032

4 Genetic : 5.781209 Moved
1 : 30, -28.5515, 24.89782, 50.64331, 28.63068, -41.95671, 30, 50.64331
2 : 30, -25.30533, 27.06405, -20.72323, 23.77575, 60, 29.43325, -20.72323
3 : 30, 24.39576, 30, -12.03839, 30, 23.24768, 30, -12.03839
4 : 30, 12.58724, 30, -12.41032, 29.956, -60, 30, -12.41032

5 Genetic : 5.72899 Moved
1 : 30, -28.5515, 24.89782, 50.64331, 28.63068, -41.95671, 30, 50.64331
2 : 30, -25.30533, 27.06405, -20.72323, 23.77575, 60, 29.43325, -20.72323
3 : 30, 24.39576, 30, -12.03839, 30, 23.24768, 30, -12.03839
4 : 30, 12.58724, 30, -12.41032, 29.956, -60, 30, -12.41032

6 Genetic : 5.676528 Moved
1 : 30, -28.5515, 24.89782, 50.64331, 28.63068, -41.95671, 30, 50.64331
2 : 30, -25.30533, 27.06405, -20.72323, 23.77575, 60, 29.43325, -20.72323
3 : 30, 24.39576, 30, -12.03839, 30, 23.24768, 30, -12.03839
4 : 30, 12.58724, 30, -12.41032, 29.956, -60, 30, -12.41032

7 Genetic : 5.594799 Moved
1 : 30, -28.5515, 24.89782, 50.64331, 28.63068, -41.95671, 30, 50.64331
2 : 30, -25.30533, 27.06405, -20.72323, 23.77575, 60, 29.43325, -20.72323
3 : 30, 24.39576, 30, -12.03839, 30, 23.24768, 30, -12.03839
4 : 30, 12.58724, 30, -12.41032, 29.956, -60, 30, -12.41032

8 Genetic : 5.543792 Moved
1 : 30, -28.5515, 24.89782, 50.64331, 28.63068, -41.95671, 30, 50.64331
2 : 30, -25.30533, 27.06405, -20.72323, 23.77575, 60, 29.43325, -20.72323
3 : 30, 24.39576, 30, -12.03839, 30, 23.24768, 30, -12.03839
4 : 30, 12.58724, 30, -12.41032, 29.956, -60, 30, -12.41032

9 Genetic : 5.501658 Moved
1 : 30, -28.5515, 24.89782, 50.64331, 28.63068, -41.95671, 30, 50.64331
2 : 30, -25.30533, 27.06405, -20.72323, 23.77575, 60, 29.43325, -20.72323
3 : 30, 24.39576, 30, -12.03839, 30, 23.24768, 30, -12.03839
4 : 30, 12.58724, 30, -12.41032, 29.956, -60, 30, -12.41032

10 Genetic : 5.477953 Moved
1 : 30, -28.5515, 24.89782, 50.64331, 28.63068, -41.95671, 30, 50.64331
2 : 30, -25.30533, 27.06405, -20.72323, 23.77575, 60, 29.43325, -20.72323
3 : 30, 24.39576, 30, -12.03839, 30, 23.24768, 30, -12.03839
4 : 30, 12.58724, 30, -12.41032, 29.956, -60, 30, -12.41032

11 Genetic : 5.385045 Moved
1 : 30, -28.5515, 24.89782, 50.64331, 28.63068, -41.95671, 30, 50.64331
2 : 30, -25.30533, 27.06405, -20.72323, 23.77575, 60, 29.43325, -20.72323
3 : 30, 24.39576, 30, -12.03839, 30, 23.24768, 30, -12.03839
4 : 30, 12.58724, 30, -12.41032, 29.956, -60, 30, -12.41032

12 Genetic : 5.356857 Moved
1 : 30, -28.5515, 24.89782, 50.64331, 28.63068, -41.95671, 30, 50.64331
2 : 30, -25.30533, 27.06405, -20.72323, 23.77575, 60, 29.43325, -20.72323
3 : 30, 24.39576, 30, -12.03839, 30, 23.24768, 30, -12.03839
4 : 30, 12.58724, 30, -12.41032, 29.956, -60, 30, -12.41032

13 Genetic : 5.353658 Moved
1 : 30, -28.5515, 24.89782, 50.64331, 28.63068, -41.95671, 30, 50.64331
2 : 30, -25.30533, 27.06405, -20.72323, 23.77575, 60, 29.43325, -20.72323
3 : 30, 24.39576, 30, -12.03839, 30, 23.24768, 30, -12.03839
4 : 30, 12.58724, 30, -12.41032, 29.956, -60, 30, -12.41032

14 Genetic : 5.327984 Moved
1 : 30, -28.5515, 24.89782, 50.64331, 28.63068, -41.95671, 30, 50.64331
2 : 30, -25.30533, 27.06405, -20.72323, 23.77575, 60, 29.43325, -20.72323
3 : 30, 24.39576, 30, -12.03839, 30, 23.24768, 30, -12.03839
4 : 30, 12.58724, 30, -12.41032, 29.956, -60, 30, -12.41032

15 Genetic : 5.291407 Moved
1 : 30, -28.5515, 24.89782, 50.64331, 28.63068, -41.95671, 30, 50.64331
2 : 30, -25.30533, 27.06405, -20.72323, 23.77575, 60, 29.43325, -20.72323
3 : 30, 24.39576, 30, -12.03839, 30, 23.24768, 30, -12.03839
4 : 30, 12.58724, 30, -12.41032, 29.956, -60, 30, -12.41032

16 Genetic : 5.214663 Moved
1 : 30, -28.5515, 24.89782, 50.64331, 28.63068, -41.95671, 30, 50.64331
2 : 30, -25.30533, 27.06405, -20.72323, 23.77575, 60, 29.43325, -20.72323
3 : 30, 24.39576, 30, -12.03839, 30, 23.24768, 30, -12.03839
4 : 30, 12.58724, 30, -12.41032, 29.956, -60, 30, -12.41032

17 Genetic : 5.188885 Moved
1 : 30, -28.5515, 24.89782, 50.64331, 28.63068, -41.95671, 30, 50.64331
2 : 30, -25.30533, 27.06405, -20.72323, 23.77575, 60, 29.43325, -20.72323
3 : 30, 24.39576, 30, -12.03839, 30, 23.24768, 30, -12.03839
4 : 30, 12.58724, 30, -12.41032, 29.956, -60, 30, -12.41032

18 Genetic : 5.067752 Moved
1 : 30, -28.5515, 24.89782, 50.64331, 28.63068, -41.95671, 30, 50.64331
2 : 30, -25.30533, 27.06405, -20.72323, 23.77575, 60, 29.43325, -20.72323
3 : 30, 24.39576, 30, -12.03839, 30, 23.24768, 30, -12.03839
4 : 30, 12.58724, 30, -12.41032, 29.956, -60, 30, -12.41032

19 Genetic : 4.937418 Moved
1 : 30, -28.5515, 24.89782, 50.64331, 28.63068, -41.95671, 30, 50.64331
2 : 30, -25.30533, 27.06405, -20.72323, 23.77575, 60, 29.43325, -20.72323
3 : 30, 24.39576, 30, -12.03839, 30, 23.24768, 30, -12.03839
4 : 30, 12.58724, 30, -12.41032, 29.956, -60, 30, -12.41032

20 Genetic : 4.901559 Moved
1 : 30, -28.5515, 24.89782, 50.64331, 28.63068, -41.95671, 30, 50.64331
2 : 30, -25.30533, 27.06405, -20.72323, 23.77575, 60, 29.43325, -20.72323
3 : 30, 24.39576, 30, -12.03839, 30, 23.24768, 30, -12.03839
4 : 30, 12.58724, 30, -12.41032, 29.956, -60, 30, -12.41032

21 Genetic : 4.850823 Moved
1 : 30, -28.5515, 24.89782, 50.64331, 28.63068, -41.95671, 30, 50.64331
2 : 30, -25.30533, 27.06405, -20.72323, 23.77575, 60, 29.43325, -20.72323
3 : 30, 24.39576, 30, -12.03839, 30, 23.24768, 30, -12.03839
4 : 30, 12.58724, 30, -12.41032, 29.956, -60, 30, -12.41032

22 Genetic : 4.844492 Moved
1 : 30, -28.5515, 24.89782, 50.64331, 28.63068, -41.95671, 30, 50.64331
2 : 30, -25.30533, 27.06405, -20.72323, 23.77575, 60, 29.43325, -20.72323
3 : 30, 24.39576, 30, -12.03839, 30, 23.24768, 30, -12.03839
4 : 30, 12.58724, 30, -12.41032, 29.956, -60, 30, -12.41032

23 Genetic : 4.836864 Moved
1 : 30, -28.5515, 24.89782, 50.64331, 28.63068, -41.95671, 30, 50.64331
2 : 30, -25.30533, 27.06405, -20.72323, 23.77575, 60, 29.43325, -20.72323
3 : 30, 24.39576, 30, -12.03839, 30, 23.24768, 30, -12.03839
4 : 30, 12.58724, 30, -12.41032, 29.956, -60, 30, -12.41032

24 Genetic : 4.833947 Moved
1 : 30, -28.5515, 24.89782, 50.64331, 28.63068, -41.95671, 30, 50.64331
2 : 30, -25.30533, 27.06405, -20.72323, 23.77575, 60, 29.43325, -20.72323
3 : 30, 24.39576, 30, -12.03839, 30, 23.24768, 30, -12.03839
4 : 30, 12.58724, 30, -12.41032, 29.956, -60, 30, -12.41032

25 Genetic : 4.782002 Moved
1 : 30, -28.5515, 24.89782, 50.64331, 28.63068, -41.95671, 30, 50.64331
2 : 30, -25.30533, 27.06405, -20.72323, 23.77575, 60, 29.43325, -20.72323
3 : 30, 24.39576, 30, -12.03839, 30, 23.24768, 30, -12.03839
4 : 30, 12.58724, 30, -12.41032, 29.956, -60, 30, -12.41032

26 Genetic : 4.755467 Moved
1 : 30, -28.5515, 24.89782, 50.64331, 28.63068, -41.95671, 30, 50.64331
2 : 30, -25.30533, 27.06405, -20.72323, 23.77575, 60, 29.43325, -20.72323
3 : 30, 24.39576, 30, -12.03839, 30, 23.24768, 30, -12.03839
4 : 30, 12.58724, 30, -12.41032, 29.956, -60, 30, -12.41032

27 Genetic : 4.669603 Moved
1 : 30, -28.5515, 24.89782, 50.64331, 28.63068, -41.95671, 30, 50.64331
2 : 30, -25.30533, 27.06405, -20.72323, 23.77575, 60, 29.43325, -20.72323
3 : 30, 24.39576, 30, -12.03839, 30, 23.24768, 30, -12.03839
4 : 30, 12.58724, 30, -12.41032, 29.956, -60, 30, -12.41032

28 Genetic : 4.656651 Moved
1 : 30, -28.5515, 24.89782, 50.64331, 28.63068, -41.95671, 30, 50.64331
2 : 30, -25.30533, 27.06405, -20.72323, 23.77575, 60, 29.43325, -20.72323
3 : 30, 24.39576, 30, -12.03839, 30, 23.24768, 30, -12.03839
4 : 30, 12.58724, 30, -12.41032, 29.956, -60, 30, -12.41032

29 Genetic : 4.649168 Moved
1 : 30, -28.5515, 24.89782, 50.64331, 28.63068, -41.95671, 30, 50.64331
2 : 30, -25.30533, 27.06405, -20.72323, 23.77575, 60, 29.43325, -20.72323
3 : 30, 24.39576, 30, -12.03839, 30, 23.24768, 30, -12.03839
4 : 30, 12.58724, 30, -12.41032, 29.956, -60, 30, -12.41032

30 Genetic : 4.625554 Moved
1 : 30, -28.5515, 24.89782, 50.64331, 28.63068, -41.95671, 30, 50.64331
2 : 30, -25.30533, 27.06405, -20.72323, 23.77575, 60, 29.43325, -20.72323
3 : 30, 24.39576, 30, -12.03839, 30, 23.24768, 30, -12.03839
4 : 30, 12.58724, 30, -12.41032, 29.956, -60, 30, -12.41032

31 Genetic : 4.620259 Moved
1 : 30, -28.5515, 24.89782, 50.64331, 28.63068, -41.95671, 30, 50.64331
2 : 30, -25.30533, 27.06405, -20.72323, 23.77575, 60, 29.43325, -20.72323
3 : 30, 24.39576, 30, -12.03839, 30, 23.24768, 30, -12.03839
4 : 30, 12.58724, 30, -12.41032, 29.956, -60, 30, -12.41032

32 Genetic : 4.613957 Moved
1 : 30, -28.5515, 24.89782, 50.64331, 28.63068, -41.95671, 30, 50.64331
2 : 30, -25.30533, 27.06405, -20.72323, 23.77575, 60, 29.43325, -20.72323
3 : 30, 24.39576, 30, -12.03839, 30, 23.24768, 30, -12.03839
4 : 30, 12.58724, 30, -12.41032, 29.956, -60, 30, -12.41032

