1 Genetic : 0.3382335 Moved
1 : 30, 44.9782, 27.67933, 23.05863, 30, -23.14272, 28.4985, 23.05863
2 : 30, -24.95668, 27.52286, 51.82129, 30, -3.55775, 30, 51.82129
3 : 30, -9.589458, 30, 21.73613, 30, -31.19632, 29.38567, 21.73613
4 : 26.6022, -51.48115, 20.54174, -50.67495, 22.6585, -2.392271, 28.70851, -50.67495

2 Genetic : 0.2179508 Moved
1 : 30, 44.9782, 27.67933, 23.05863, 30, -23.14272, 28.4985, 23.05863
2 : 30, -24.95668, 27.52286, 51.82129, 30, -3.55775, 30, 51.82129
3 : 30, -9.589458, 30, 21.73613, 30, -31.19632, 29.38567, 21.73613
4 : 26.6022, -51.48115, 20.54174, -50.67495, 22.6585, -2.392271, 28.70851, -50.67495

3 Genetic : 0.1645047 Moved
1 : 30, 44.9782, 27.67933, 23.05863, 30, -23.14272, 28.4985, 23.05863
2 : 30, -24.95668, 27.52286, 51.82129, 30, -3.55775, 30, 51.82129
3 : 30, -9.589458, 30, 21.73613, 30, -31.19632, 29.38567, 21.73613
4 : 26.6022, -51.48115, 20.54174, -50.67495, 22.6585, -2.392271, 28.70851, -50.67495

4 Genetic : 0.1356589 Moved
1 : 30, 44.9782, 27.67933, 23.05863, 30, -23.14272, 28.4985, 23.05863
2 : 30, -24.95668, 27.52286, 51.82129, 30, -3.55775, 30, 51.82129
3 : 30, -9.589458, 30, 21.73613, 30, -31.19632, 29.38567, 21.73613
4 : 26.6022, -51.48115, 20.54174, -50.67495, 22.6585, -2.392271, 28.70851, -50.67495

5 Genetic : 0.09788731 Moved
1 : 30, 44.9782, 27.67933, 23.05863, 30, -23.14272, 28.4985, 23.05863
2 : 30, -24.95668, 27.52286, 51.82129, 30, -3.55775, 30, 51.82129
3 : 30, -9.589458, 30, 21.73613, 30, -31.19632, 29.38567, 21.73613
4 : 26.6022, -51.48115, 20.54174, -50.67495, 22.6585, -2.392271, 28.70851, -50.67495

6 Genetic : -0.09668827 Moved
1 : 30, 44.9782, 27.67933, 23.05863, 30, -23.14272, 28.4985, 23.05863
2 : 30, -24.95668, 27.52286, 51.82129, 30, -3.55775, 30, 51.82129
3 : 30, -9.589458, 30, 21.73613, 30, -31.19632, 29.38567, 21.73613
4 : 26.6022, -51.48115, 20.54174, -50.67495, 22.6585, -2.392271, 28.70851, -50.67495

7 Genetic : -0.1292483 Moved
1 : 30, 44.9782, 27.67933, 23.05863, 30, -23.14272, 28.4985, 23.05863
2 : 30, -24.95668, 27.52286, 51.82129, 30, -3.55775, 30, 51.82129
3 : 30, -9.589458, 30, 21.73613, 30, -31.19632, 29.38567, 21.73613
4 : 26.6022, -51.48115, 20.54174, -50.67495, 22.6585, -2.392271, 28.70851, -50.67495

8 Genetic : -0.1427702 Moved
1 : 30, 44.9782, 27.67933, 23.05863, 30, -23.14272, 28.4985, 23.05863
2 : 30, -24.95668, 27.52286, 51.82129, 30, -3.55775, 30, 51.82129
3 : 30, -9.589458, 30, 21.73613, 30, -31.19632, 29.38567, 21.73613
4 : 26.6022, -51.48115, 20.54174, -50.67495, 22.6585, -2.392271, 28.70851, -50.67495

9 Genetic : -0.2053027 Moved
1 : 30, 44.9782, 27.67933, 23.05863, 30, -23.14272, 28.4985, 23.05863
2 : 30, -24.95668, 27.52286, 51.82129, 30, -3.55775, 30, 51.82129
3 : 30, -9.589458, 30, 21.73613, 30, -31.19632, 29.38567, 21.73613
4 : 26.6022, -51.48115, 20.54174, -50.67495, 22.6585, -2.392271, 28.70851, -50.67495

10 Genetic : -0.2055079 Moved
1 : 30, 44.9782, 27.67933, 23.05863, 30, -23.14272, 28.4985, 23.05863
2 : 30, -24.95668, 27.52286, 51.82129, 30, -3.55775, 30, 51.82129
3 : 30, -9.589458, 30, 21.73613, 30, -31.19632, 29.38567, 21.73613
4 : 26.6022, -51.48115, 20.54174, -50.67495, 22.6585, -2.392271, 28.70851, -50.67495

11 Genetic : -0.2429132 Moved
1 : 30, 44.9782, 27.67933, 23.05863, 30, -23.14272, 28.4985, 23.05863
2 : 30, -24.95668, 27.52286, 51.82129, 30, -3.55775, 30, 51.82129
3 : 30, -9.589458, 30, 21.73613, 30, -31.19632, 29.38567, 21.73613
4 : 26.6022, -51.48115, 20.54174, -50.67495, 22.6585, -2.392271, 28.70851, -50.67495

12 Genetic : -0.2665912 Moved
1 : 30, 44.9782, 27.67933, 23.05863, 30, -23.14272, 28.4985, 23.05863
2 : 30, -24.95668, 27.52286, 51.82129, 30, -3.55775, 30, 51.82129
3 : 30, -9.589458, 30, 21.73613, 30, -31.19632, 29.38567, 21.73613
4 : 26.6022, -51.48115, 20.54174, -50.67495, 22.6585, -2.392271, 28.70851, -50.67495

13 Genetic : -0.3110597 Moved
1 : 30, 44.9782, 27.67933, 23.05863, 30, -23.14272, 28.4985, 23.05863
2 : 30, -24.95668, 27.52286, 51.82129, 30, -3.55775, 30, 51.82129
3 : 30, -9.589458, 30, 21.73613, 30, -31.19632, 29.38567, 21.73613
4 : 26.6022, -51.48115, 20.54174, -50.67495, 22.6585, -2.392271, 28.70851, -50.67495

14 Genetic : -0.3245825 Moved
1 : 30, 44.9782, 27.67933, 23.05863, 30, -23.14272, 28.4985, 23.05863
2 : 30, -24.95668, 27.52286, 51.82129, 30, -3.55775, 30, 51.82129
3 : 30, -9.589458, 30, 21.73613, 30, -31.19632, 29.38567, 21.73613
4 : 26.6022, -51.48115, 20.54174, -50.67495, 22.6585, -2.392271, 28.70851, -50.67495

15 Genetic : -0.3618409 Moved
1 : 30, 44.9782, 27.67933, 23.05863, 30, -23.14272, 28.4985, 23.05863
2 : 30, -24.95668, 27.52286, 51.82129, 30, -3.55775, 30, 51.82129
3 : 30, -9.589458, 30, 21.73613, 30, -31.19632, 29.38567, 21.73613
4 : 26.6022, -51.48115, 20.54174, -50.67495, 22.6585, -2.392271, 28.70851, -50.67495

16 Genetic : -0.3642607 Moved
1 : 30, 44.9782, 27.67933, 23.05863, 30, -23.14272, 28.4985, 23.05863
2 : 30, -24.95668, 27.52286, 51.82129, 30, -3.55775, 30, 51.82129
3 : 30, -9.589458, 30, 21.73613, 30, -31.19632, 29.38567, 21.73613
4 : 26.6022, -51.48115, 20.54174, -50.67495, 22.6585, -2.392271, 28.70851, -50.67495

17 Genetic : -0.3749441 Moved
1 : 30, 44.9782, 27.67933, 23.05863, 30, -23.14272, 28.4985, 23.05863
2 : 30, -24.95668, 27.52286, 51.82129, 30, -3.55775, 30, 51.82129
3 : 30, -9.589458, 30, 21.73613, 30, -31.19632, 29.38567, 21.73613
4 : 26.6022, -51.48115, 20.54174, -50.67495, 22.6585, -2.392271, 28.70851, -50.67495

18 Genetic : -0.39458 Moved
1 : 30, 44.9782, 27.67933, 23.05863, 30, -23.14272, 28.4985, 23.05863
2 : 30, -24.95668, 27.52286, 51.82129, 30, -3.55775, 30, 51.82129
3 : 30, -9.589458, 30, 21.73613, 30, -31.19632, 29.38567, 21.73613
4 : 26.6022, -51.48115, 20.54174, -50.67495, 22.6585, -2.392271, 28.70851, -50.67495

19 Genetic : -0.4127099 Moved
1 : 30, 44.9782, 27.67933, 23.05863, 30, -23.14272, 28.4985, 23.05863
2 : 30, -24.95668, 27.52286, 51.82129, 30, -3.55775, 30, 51.82129
3 : 30, -9.589458, 30, 21.73613, 30, -31.19632, 29.38567, 21.73613
4 : 26.6022, -51.48115, 20.54174, -50.67495, 22.6585, -2.392271, 28.70851, -50.67495

20 Genetic : -0.4282135 Moved
1 : 30, 44.9782, 27.67933, 23.05863, 30, -23.14272, 28.4985, 23.05863
2 : 30, -24.95668, 27.52286, 51.82129, 30, -3.55775, 30, 51.82129
3 : 30, -9.589458, 30, 21.73613, 30, -31.19632, 29.38567, 21.73613
4 : 26.6022, -51.48115, 20.54174, -50.67495, 22.6585, -2.392271, 28.70851, -50.67495

21 Genetic : -0.4517238 Moved
1 : 30, 44.9782, 27.67933, 23.05863, 30, -23.14272, 28.4985, 23.05863
2 : 30, -24.95668, 27.52286, 51.82129, 30, -3.55775, 30, 51.82129
3 : 30, -9.589458, 30, 21.73613, 30, -31.19632, 29.38567, 21.73613
4 : 26.6022, -51.48115, 20.54174, -50.67495, 22.6585, -2.392271, 28.70851, -50.67495

22 Genetic : -0.4823772 Moved
1 : 30, 44.9782, 27.67933, 23.05863, 30, -23.14272, 28.4985, 23.05863
2 : 30, -24.95668, 27.52286, 51.82129, 30, -3.55775, 30, 51.82129
3 : 30, -9.589458, 30, 21.73613, 30, -31.19632, 29.38567, 21.73613
4 : 26.6022, -51.48115, 20.54174, -50.67495, 22.6585, -2.392271, 28.70851, -50.67495

23 Genetic : -0.4925231 Moved
1 : 30, 44.9782, 27.67933, 23.05863, 30, -23.14272, 28.4985, 23.05863
2 : 30, -24.95668, 27.52286, 51.82129, 30, -3.55775, 30, 51.82129
3 : 30, -9.589458, 30, 21.73613, 30, -31.19632, 29.38567, 21.73613
4 : 26.6022, -51.48115, 20.54174, -50.67495, 22.6585, -2.392271, 28.70851, -50.67495

24 Genetic : -0.5168939 Moved
1 : 30, 44.9782, 27.67933, 23.05863, 30, -23.14272, 28.4985, 23.05863
2 : 30, -24.95668, 27.52286, 51.82129, 30, -3.55775, 30, 51.82129
3 : 30, -9.589458, 30, 21.73613, 30, -31.19632, 29.38567, 21.73613
4 : 26.6022, -51.48115, 20.54174, -50.67495, 22.6585, -2.392271, 28.70851, -50.67495

25 Genetic : -0.5196559 Moved
1 : 30, 44.9782, 27.67933, 23.05863, 30, -23.14272, 28.4985, 23.05863
2 : 30, -24.95668, 27.52286, 51.82129, 30, -3.55775, 30, 51.82129
3 : 30, -9.589458, 30, 21.73613, 30, -31.19632, 29.38567, 21.73613
4 : 26.6022, -51.48115, 20.54174, -50.67495, 22.6585, -2.392271, 28.70851, -50.67495

26 Genetic : -0.5207182 Moved
1 : 30, 44.9782, 27.67933, 23.05863, 30, -23.14272, 28.4985, 23.05863
2 : 30, -24.95668, 27.52286, 51.82129, 30, -3.55775, 30, 51.82129
3 : 30, -9.589458, 30, 21.73613, 30, -31.19632, 29.38567, 21.73613
4 : 26.6022, -51.48115, 20.54174, -50.67495, 22.6585, -2.392271, 28.70851, -50.67495

27 Genetic : -0.5578399 Moved
1 : 30, 44.9782, 27.67933, 23.05863, 30, -23.14272, 28.4985, 23.05863
2 : 30, -24.95668, 27.52286, 51.82129, 30, -3.55775, 30, 51.82129
3 : 30, -9.589458, 30, 21.73613, 30, -31.19632, 29.38567, 21.73613
4 : 26.6022, -51.48115, 20.54174, -50.67495, 22.6585, -2.392271, 28.70851, -50.67495

28 Genetic : -0.5759248 Moved
1 : 30, 44.9782, 27.67933, 23.05863, 30, -23.14272, 28.4985, 23.05863
2 : 30, -24.95668, 27.52286, 51.82129, 30, -3.55775, 30, 51.82129
3 : 30, -9.589458, 30, 21.73613, 30, -31.19632, 29.38567, 21.73613
4 : 26.6022, -51.48115, 20.54174, -50.67495, 22.6585, -2.392271, 28.70851, -50.67495

29 Genetic : -0.5795623 Moved
1 : 30, 44.9782, 27.67933, 23.05863, 30, -23.14272, 28.4985, 23.05863
2 : 30, -24.95668, 27.52286, 51.82129, 30, -3.55775, 30, 51.82129
3 : 30, -9.589458, 30, 21.73613, 30, -31.19632, 29.38567, 21.73613
4 : 26.6022, -51.48115, 20.54174, -50.67495, 22.6585, -2.392271, 28.70851, -50.67495

30 Genetic : -0.6094579 Moved
1 : 30, 44.9782, 27.67933, 23.05863, 30, -23.14272, 28.4985, 23.05863
2 : 30, -24.95668, 27.52286, 51.82129, 30, -3.55775, 30, 51.82129
3 : 30, -9.589458, 30, 21.73613, 30, -31.19632, 29.38567, 21.73613
4 : 26.6022, -51.48115, 20.54174, -50.67495, 22.6585, -2.392271, 28.70851, -50.67495

31 Genetic : -0.6114009 Moved
1 : 30, 44.9782, 27.67933, 23.05863, 30, -23.14272, 28.4985, 23.05863
2 : 30, -24.95668, 27.52286, 51.82129, 30, -3.55775, 30, 51.82129
3 : 30, -9.589458, 30, 21.73613, 30, -31.19632, 29.38567, 21.73613
4 : 26.6022, -51.48115, 20.54174, -50.67495, 22.6585, -2.392271, 28.70851, -50.67495

32 Genetic : -0.6252139 Moved
1 : 30, 44.9782, 27.67933, 23.05863, 30, -23.14272, 28.4985, 23.05863
2 : 30, -24.95668, 27.52286, 51.82129, 30, -3.55775, 30, 51.82129
3 : 30, -9.589458, 30, 21.73613, 30, -31.19632, 29.38567, 21.73613
4 : 26.6022, -51.48115, 20.54174, -50.67495, 22.6585, -2.392271, 28.70851, -50.67495

