1 Genetic : 1.893714 Moved
1 : 30, -41.56784, 24.13063, -21.82384, 28.33167, 7.69586, 27.61425, -21.82384
2 : 30, 34.42398, 30, 39.74895, 20.96861, 12.68428, 30, 39.74895
3 : 30, 39.48476, 30, 34.21137, 28.0345, -60, 30, 34.21137
4 : 23.86187, -26.31907, 30, -29.6492, 26.94245, 6.772411, 26.79182, -29.6492

2 Genetic : 1.831927 Moved
1 : 30, -41.56784, 24.13063, -21.82384, 28.33167, 7.69586, 27.61425, -21.82384
2 : 30, 34.42398, 30, 39.74895, 20.96861, 12.68428, 30, 39.74895
3 : 30, 39.48476, 30, 34.21137, 28.0345, -60, 30, 34.21137
4 : 23.86187, -26.31907, 30, -29.6492, 26.94245, 6.772411, 26.79182, -29.6492

3 Genetic : 1.8134 Moved
1 : 30, -41.56784, 24.13063, -21.82384, 28.33167, 7.69586, 27.61425, -21.82384
2 : 30, 34.42398, 30, 39.74895, 20.96861, 12.68428, 30, 39.74895
3 : 30, 39.48476, 30, 34.21137, 28.0345, -60, 30, 34.21137
4 : 23.86187, -26.31907, 30, -29.6492, 26.94245, 6.772411, 26.79182, -29.6492

4 Genetic : 1.760992 Moved
1 : 30, -41.56784, 24.13063, -21.82384, 28.33167, 7.69586, 27.61425, -21.82384
2 : 30, 34.42398, 30, 39.74895, 20.96861, 12.68428, 30, 39.74895
3 : 30, 39.48476, 30, 34.21137, 28.0345, -60, 30, 34.21137
4 : 23.86187, -26.31907, 30, -29.6492, 26.94245, 6.772411, 26.79182, -29.6492

5 Genetic : 1.749021 Moved
1 : 30, -41.56784, 24.13063, -21.82384, 28.33167, 7.69586, 27.61425, -21.82384
2 : 30, 34.42398, 30, 39.74895, 20.96861, 12.68428, 30, 39.74895
3 : 30, 39.48476, 30, 34.21137, 28.0345, -60, 30, 34.21137
4 : 23.86187, -26.31907, 30, -29.6492, 26.94245, 6.772411, 26.79182, -29.6492

6 Genetic : 1.568056 Moved
1 : 30, -41.56784, 24.13063, -21.82384, 28.33167, 7.69586, 27.61425, -21.82384
2 : 30, 34.42398, 30, 39.74895, 20.96861, 12.68428, 30, 39.74895
3 : 30, 39.48476, 30, 34.21137, 28.0345, -60, 30, 34.21137
4 : 23.86187, -26.31907, 30, -29.6492, 26.94245, 6.772411, 26.79182, -29.6492

7 Genetic : 1.559032 Moved
1 : 30, -41.56784, 24.13063, -21.82384, 28.33167, 7.69586, 27.61425, -21.82384
2 : 30, 34.42398, 30, 39.74895, 20.96861, 12.68428, 30, 39.74895
3 : 30, 39.48476, 30, 34.21137, 28.0345, -60, 30, 34.21137
4 : 23.86187, -26.31907, 30, -29.6492, 26.94245, 6.772411, 26.79182, -29.6492

8 Genetic : 1.487017 Moved
1 : 30, -41.56784, 24.13063, -21.82384, 28.33167, 7.69586, 27.61425, -21.82384
2 : 30, 34.42398, 30, 39.74895, 20.96861, 12.68428, 30, 39.74895
3 : 30, 39.48476, 30, 34.21137, 28.0345, -60, 30, 34.21137
4 : 23.86187, -26.31907, 30, -29.6492, 26.94245, 6.772411, 26.79182, -29.6492

9 Genetic : 1.428355 Moved
1 : 30, -41.56784, 24.13063, -21.82384, 28.33167, 7.69586, 27.61425, -21.82384
2 : 30, 34.42398, 30, 39.74895, 20.96861, 12.68428, 30, 39.74895
3 : 30, 39.48476, 30, 34.21137, 28.0345, -60, 30, 34.21137
4 : 23.86187, -26.31907, 30, -29.6492, 26.94245, 6.772411, 26.79182, -29.6492

10 Genetic : 1.412675 Moved
1 : 30, -41.56784, 24.13063, -21.82384, 28.33167, 7.69586, 27.61425, -21.82384
2 : 30, 34.42398, 30, 39.74895, 20.96861, 12.68428, 30, 39.74895
3 : 30, 39.48476, 30, 34.21137, 28.0345, -60, 30, 34.21137
4 : 23.86187, -26.31907, 30, -29.6492, 26.94245, 6.772411, 26.79182, -29.6492

11 Genetic : 1.385305 Moved
1 : 30, -41.56784, 24.13063, -21.82384, 28.33167, 7.69586, 27.61425, -21.82384
2 : 30, 34.42398, 30, 39.74895, 20.96861, 12.68428, 30, 39.74895
3 : 30, 39.48476, 30, 34.21137, 28.0345, -60, 30, 34.21137
4 : 23.86187, -26.31907, 30, -29.6492, 26.94245, 6.772411, 26.79182, -29.6492

12 Genetic : 1.342329 Moved
1 : 30, -41.56784, 24.13063, -21.82384, 28.33167, 7.69586, 27.61425, -21.82384
2 : 30, 34.42398, 30, 39.74895, 20.96861, 12.68428, 30, 39.74895
3 : 30, 39.48476, 30, 34.21137, 28.0345, -60, 30, 34.21137
4 : 23.86187, -26.31907, 30, -29.6492, 26.94245, 6.772411, 26.79182, -29.6492

13 Genetic : 1.315442 Moved
1 : 30, -41.56784, 24.13063, -21.82384, 28.33167, 7.69586, 27.61425, -21.82384
2 : 30, 34.42398, 30, 39.74895, 20.96861, 12.68428, 30, 39.74895
3 : 30, 39.48476, 30, 34.21137, 28.0345, -60, 30, 34.21137
4 : 23.86187, -26.31907, 30, -29.6492, 26.94245, 6.772411, 26.79182, -29.6492

14 Genetic : 1.296782 Moved
1 : 30, -41.56784, 24.13063, -21.82384, 28.33167, 7.69586, 27.61425, -21.82384
2 : 30, 34.42398, 30, 39.74895, 20.96861, 12.68428, 30, 39.74895
3 : 30, 39.48476, 30, 34.21137, 28.0345, -60, 30, 34.21137
4 : 23.86187, -26.31907, 30, -29.6492, 26.94245, 6.772411, 26.79182, -29.6492

15 Genetic : 1.203464 Moved
1 : 30, -41.56784, 24.13063, -21.82384, 28.33167, 7.69586, 27.61425, -21.82384
2 : 30, 34.42398, 30, 39.74895, 20.96861, 12.68428, 30, 39.74895
3 : 30, 39.48476, 30, 34.21137, 28.0345, -60, 30, 34.21137
4 : 23.86187, -26.31907, 30, -29.6492, 26.94245, 6.772411, 26.79182, -29.6492

16 Genetic : 1.188199 Moved
1 : 30, -41.56784, 24.13063, -21.82384, 28.33167, 7.69586, 27.61425, -21.82384
2 : 30, 34.42398, 30, 39.74895, 20.96861, 12.68428, 30, 39.74895
3 : 30, 39.48476, 30, 34.21137, 28.0345, -60, 30, 34.21137
4 : 23.86187, -26.31907, 30, -29.6492, 26.94245, 6.772411, 26.79182, -29.6492

17 Genetic : 1.177531 Moved
1 : 30, -41.56784, 24.13063, -21.82384, 28.33167, 7.69586, 27.61425, -21.82384
2 : 30, 34.42398, 30, 39.74895, 20.96861, 12.68428, 30, 39.74895
3 : 30, 39.48476, 30, 34.21137, 28.0345, -60, 30, 34.21137
4 : 23.86187, -26.31907, 30, -29.6492, 26.94245, 6.772411, 26.79182, -29.6492

18 Genetic : 1.165711 Moved
1 : 30, -41.56784, 24.13063, -21.82384, 28.33167, 7.69586, 27.61425, -21.82384
2 : 30, 34.42398, 30, 39.74895, 20.96861, 12.68428, 30, 39.74895
3 : 30, 39.48476, 30, 34.21137, 28.0345, -60, 30, 34.21137
4 : 23.86187, -26.31907, 30, -29.6492, 26.94245, 6.772411, 26.79182, -29.6492

19 Genetic : 1.16206 Moved
1 : 30, -41.56784, 24.13063, -21.82384, 28.33167, 7.69586, 27.61425, -21.82384
2 : 30, 34.42398, 30, 39.74895, 20.96861, 12.68428, 30, 39.74895
3 : 30, 39.48476, 30, 34.21137, 28.0345, -60, 30, 34.21137
4 : 23.86187, -26.31907, 30, -29.6492, 26.94245, 6.772411, 26.79182, -29.6492

20 Genetic : 1.154096 Moved
1 : 30, -41.56784, 24.13063, -21.82384, 28.33167, 7.69586, 27.61425, -21.82384
2 : 30, 34.42398, 30, 39.74895, 20.96861, 12.68428, 30, 39.74895
3 : 30, 39.48476, 30, 34.21137, 28.0345, -60, 30, 34.21137
4 : 23.86187, -26.31907, 30, -29.6492, 26.94245, 6.772411, 26.79182, -29.6492

21 Genetic : 1.146281 Moved
1 : 30, -41.56784, 24.13063, -21.82384, 28.33167, 7.69586, 27.61425, -21.82384
2 : 30, 34.42398, 30, 39.74895, 20.96861, 12.68428, 30, 39.74895
3 : 30, 39.48476, 30, 34.21137, 28.0345, -60, 30, 34.21137
4 : 23.86187, -26.31907, 30, -29.6492, 26.94245, 6.772411, 26.79182, -29.6492

22 Genetic : 1.106654 Moved
1 : 30, -41.56784, 24.13063, -21.82384, 28.33167, 7.69586, 27.61425, -21.82384
2 : 30, 34.42398, 30, 39.74895, 20.96861, 12.68428, 30, 39.74895
3 : 30, 39.48476, 30, 34.21137, 28.0345, -60, 30, 34.21137
4 : 23.86187, -26.31907, 30, -29.6492, 26.94245, 6.772411, 26.79182, -29.6492

23 Genetic : 1.104014 Moved
1 : 30, -41.56784, 24.13063, -21.82384, 28.33167, 7.69586, 27.61425, -21.82384
2 : 30, 34.42398, 30, 39.74895, 20.96861, 12.68428, 30, 39.74895
3 : 30, 39.48476, 30, 34.21137, 28.0345, -60, 30, 34.21137
4 : 23.86187, -26.31907, 30, -29.6492, 26.94245, 6.772411, 26.79182, -29.6492

24 Genetic : 1.061756 Moved
1 : 30, -41.56784, 24.13063, -21.82384, 28.33167, 7.69586, 27.61425, -21.82384
2 : 30, 34.42398, 30, 39.74895, 20.96861, 12.68428, 30, 39.74895
3 : 30, 39.48476, 30, 34.21137, 28.0345, -60, 30, 34.21137
4 : 23.86187, -26.31907, 30, -29.6492, 26.94245, 6.772411, 26.79182, -29.6492

25 Genetic : 1.059379 Moved
1 : 30, -41.56784, 24.13063, -21.82384, 28.33167, 7.69586, 27.61425, -21.82384
2 : 30, 34.42398, 30, 39.74895, 20.96861, 12.68428, 30, 39.74895
3 : 30, 39.48476, 30, 34.21137, 28.0345, -60, 30, 34.21137
4 : 23.86187, -26.31907, 30, -29.6492, 26.94245, 6.772411, 26.79182, -29.6492

26 Genetic : 1.058568 Moved
1 : 30, -41.56784, 24.13063, -21.82384, 28.33167, 7.69586, 27.61425, -21.82384
2 : 30, 34.42398, 30, 39.74895, 20.96861, 12.68428, 30, 39.74895
3 : 30, 39.48476, 30, 34.21137, 28.0345, -60, 30, 34.21137
4 : 23.86187, -26.31907, 30, -29.6492, 26.94245, 6.772411, 26.79182, -29.6492

27 Genetic : 1.054252 Moved
1 : 30, -41.56784, 24.13063, -21.82384, 28.33167, 7.69586, 27.61425, -21.82384
2 : 30, 34.42398, 30, 39.74895, 20.96861, 12.68428, 30, 39.74895
3 : 30, 39.48476, 30, 34.21137, 28.0345, -60, 30, 34.21137
4 : 23.86187, -26.31907, 30, -29.6492, 26.94245, 6.772411, 26.79182, -29.6492

28 Genetic : 1.016305 Moved
1 : 30, -41.56784, 24.13063, -21.82384, 28.33167, 7.69586, 27.61425, -21.82384
2 : 30, 34.42398, 30, 39.74895, 20.96861, 12.68428, 30, 39.74895
3 : 30, 39.48476, 30, 34.21137, 28.0345, -60, 30, 34.21137
4 : 23.86187, -26.31907, 30, -29.6492, 26.94245, 6.772411, 26.79182, -29.6492

29 Genetic : 1.012101 Moved
1 : 30, -41.56784, 24.13063, -21.82384, 28.33167, 7.69586, 27.61425, -21.82384
2 : 30, 34.42398, 30, 39.74895, 20.96861, 12.68428, 30, 39.74895
3 : 30, 39.48476, 30, 34.21137, 28.0345, -60, 30, 34.21137
4 : 23.86187, -26.31907, 30, -29.6492, 26.94245, 6.772411, 26.79182, -29.6492

30 Genetic : 0.966997 Moved
1 : 30, -41.56784, 24.13063, -21.82384, 28.33167, 7.69586, 27.61425, -21.82384
2 : 30, 34.42398, 30, 39.74895, 20.96861, 12.68428, 30, 39.74895
3 : 30, 39.48476, 30, 34.21137, 28.0345, -60, 30, 34.21137
4 : 23.86187, -26.31907, 30, -29.6492, 26.94245, 6.772411, 26.79182, -29.6492

31 Genetic : 0.9547517 Moved
1 : 30, -41.56784, 24.13063, -21.82384, 28.33167, 7.69586, 27.61425, -21.82384
2 : 30, 34.42398, 30, 39.74895, 20.96861, 12.68428, 30, 39.74895
3 : 30, 39.48476, 30, 34.21137, 28.0345, -60, 30, 34.21137
4 : 23.86187, -26.31907, 30, -29.6492, 26.94245, 6.772411, 26.79182, -29.6492

32 Genetic : 0.8791661 Moved
1 : 30, -41.56784, 24.13063, -21.82384, 28.33167, 7.69586, 27.61425, -21.82384
2 : 30, 34.42398, 30, 39.74895, 20.96861, 12.68428, 30, 39.74895
3 : 30, 39.48476, 30, 34.21137, 28.0345, -60, 30, 34.21137
4 : 23.86187, -26.31907, 30, -29.6492, 26.94245, 6.772411, 26.79182, -29.6492

