1 Genetic : 0.3933362 Moved
1 : 30, -32.95307, 30, -60, 26.34751, 60, 30, -60
2 : 26.39021, 6.022047, 30, 8.993717, 30, 46.1778, 27.34725, 8.993717
3 : 28.18962, 60, 28.52657, 13.67472, 19.27704, -16.3214, 30, 13.67472
4 : 30, 44.33005, 27.04544, 57.72832, 30, 48.35977, 22.40977, 57.72832

2 Genetic : 0.3692804 Moved
1 : 30, -32.95307, 30, -60, 26.34751, 60, 30, -60
2 : 26.39021, 6.022047, 30, 8.993717, 30, 46.1778, 27.34725, 8.993717
3 : 28.18962, 60, 28.52657, 13.67472, 19.27704, -16.3214, 30, 13.67472
4 : 30, 44.33005, 27.04544, 57.72832, 30, 48.35977, 22.40977, 57.72832

3 Genetic : 0.228523 Moved
1 : 30, -32.95307, 30, -60, 26.34751, 60, 30, -60
2 : 26.39021, 6.022047, 30, 8.993717, 30, 46.1778, 27.34725, 8.993717
3 : 28.18962, 60, 28.52657, 13.67472, 19.27704, -16.3214, 30, 13.67472
4 : 30, 44.33005, 27.04544, 57.72832, 30, 48.35977, 22.40977, 57.72832

4 Genetic : 0.2269174 Moved
1 : 30, -32.95307, 30, -60, 26.34751, 60, 30, -60
2 : 26.39021, 6.022047, 30, 8.993717, 30, 46.1778, 27.34725, 8.993717
3 : 28.18962, 60, 28.52657, 13.67472, 19.27704, -16.3214, 30, 13.67472
4 : 30, 44.33005, 27.04544, 57.72832, 30, 48.35977, 22.40977, 57.72832

5 Genetic : 0.1884708 Moved
1 : 30, -32.95307, 30, -60, 26.34751, 60, 30, -60
2 : 26.39021, 6.022047, 30, 8.993717, 30, 46.1778, 27.34725, 8.993717
3 : 28.18962, 60, 28.52657, 13.67472, 19.27704, -16.3214, 30, 13.67472
4 : 30, 44.33005, 27.04544, 57.72832, 30, 48.35977, 22.40977, 57.72832

6 Genetic : 0.1754438 Moved
1 : 30, -32.95307, 30, -60, 26.34751, 60, 30, -60
2 : 26.39021, 6.022047, 30, 8.993717, 30, 46.1778, 27.34725, 8.993717
3 : 28.18962, 60, 28.52657, 13.67472, 19.27704, -16.3214, 30, 13.67472
4 : 30, 44.33005, 27.04544, 57.72832, 30, 48.35977, 22.40977, 57.72832

7 Genetic : 0.1623546 Moved
1 : 30, -32.95307, 30, -60, 26.34751, 60, 30, -60
2 : 26.39021, 6.022047, 30, 8.993717, 30, 46.1778, 27.34725, 8.993717
3 : 28.18962, 60, 28.52657, 13.67472, 19.27704, -16.3214, 30, 13.67472
4 : 30, 44.33005, 27.04544, 57.72832, 30, 48.35977, 22.40977, 57.72832

8 Genetic : 0.1559141 Moved
1 : 30, -32.95307, 30, -60, 26.34751, 60, 30, -60
2 : 26.39021, 6.022047, 30, 8.993717, 30, 46.1778, 27.34725, 8.993717
3 : 28.18962, 60, 28.52657, 13.67472, 19.27704, -16.3214, 30, 13.67472
4 : 30, 44.33005, 27.04544, 57.72832, 30, 48.35977, 22.40977, 57.72832

9 Genetic : 0.1409447 Moved
1 : 30, -32.95307, 30, -60, 26.34751, 60, 30, -60
2 : 26.39021, 6.022047, 30, 8.993717, 30, 46.1778, 27.34725, 8.993717
3 : 28.18962, 60, 28.52657, 13.67472, 19.27704, -16.3214, 30, 13.67472
4 : 30, 44.33005, 27.04544, 57.72832, 30, 48.35977, 22.40977, 57.72832

10 Genetic : 0.1286464 Moved
1 : 30, -32.95307, 30, -60, 26.34751, 60, 30, -60
2 : 26.39021, 6.022047, 30, 8.993717, 30, 46.1778, 27.34725, 8.993717
3 : 28.18962, 60, 28.52657, 13.67472, 19.27704, -16.3214, 30, 13.67472
4 : 30, 44.33005, 27.04544, 57.72832, 30, 48.35977, 22.40977, 57.72832

11 Genetic : 0.09308524 Moved
1 : 30, -32.95307, 30, -60, 26.34751, 60, 30, -60
2 : 26.39021, 6.022047, 30, 8.993717, 30, 46.1778, 27.34725, 8.993717
3 : 28.18962, 60, 28.52657, 13.67472, 19.27704, -16.3214, 30, 13.67472
4 : 30, 44.33005, 27.04544, 57.72832, 30, 48.35977, 22.40977, 57.72832

12 Genetic : 0.04113144 Moved
1 : 30, -32.95307, 30, -60, 26.34751, 60, 30, -60
2 : 26.39021, 6.022047, 30, 8.993717, 30, 46.1778, 27.34725, 8.993717
3 : 28.18962, 60, 28.52657, 13.67472, 19.27704, -16.3214, 30, 13.67472
4 : 30, 44.33005, 27.04544, 57.72832, 30, 48.35977, 22.40977, 57.72832

13 Genetic : 0.03127161 Moved
1 : 30, -32.95307, 30, -60, 26.34751, 60, 30, -60
2 : 26.39021, 6.022047, 30, 8.993717, 30, 46.1778, 27.34725, 8.993717
3 : 28.18962, 60, 28.52657, 13.67472, 19.27704, -16.3214, 30, 13.67472
4 : 30, 44.33005, 27.04544, 57.72832, 30, 48.35977, 22.40977, 57.72832

14 Genetic : 0.01243911 Moved
1 : 30, -32.95307, 30, -60, 26.34751, 60, 30, -60
2 : 26.39021, 6.022047, 30, 8.993717, 30, 46.1778, 27.34725, 8.993717
3 : 28.18962, 60, 28.52657, 13.67472, 19.27704, -16.3214, 30, 13.67472
4 : 30, 44.33005, 27.04544, 57.72832, 30, 48.35977, 22.40977, 57.72832

15 Genetic : -0.001601648 Moved
1 : 30, -32.95307, 30, -60, 26.34751, 60, 30, -60
2 : 26.39021, 6.022047, 30, 8.993717, 30, 46.1778, 27.34725, 8.993717
3 : 28.18962, 60, 28.52657, 13.67472, 19.27704, -16.3214, 30, 13.67472
4 : 30, 44.33005, 27.04544, 57.72832, 30, 48.35977, 22.40977, 57.72832

16 Genetic : -0.002219558 Moved
1 : 30, -32.95307, 30, -60, 26.34751, 60, 30, -60
2 : 26.39021, 6.022047, 30, 8.993717, 30, 46.1778, 27.34725, 8.993717
3 : 28.18962, 60, 28.52657, 13.67472, 19.27704, -16.3214, 30, 13.67472
4 : 30, 44.33005, 27.04544, 57.72832, 30, 48.35977, 22.40977, 57.72832

17 Genetic : -0.003375836 Moved
1 : 30, -32.95307, 30, -60, 26.34751, 60, 30, -60
2 : 26.39021, 6.022047, 30, 8.993717, 30, 46.1778, 27.34725, 8.993717
3 : 28.18962, 60, 28.52657, 13.67472, 19.27704, -16.3214, 30, 13.67472
4 : 30, 44.33005, 27.04544, 57.72832, 30, 48.35977, 22.40977, 57.72832

18 Genetic : -0.01117438 Moved
1 : 30, -32.95307, 30, -60, 26.34751, 60, 30, -60
2 : 26.39021, 6.022047, 30, 8.993717, 30, 46.1778, 27.34725, 8.993717
3 : 28.18962, 60, 28.52657, 13.67472, 19.27704, -16.3214, 30, 13.67472
4 : 30, 44.33005, 27.04544, 57.72832, 30, 48.35977, 22.40977, 57.72832

19 Genetic : -0.013834 Moved
1 : 30, -32.95307, 30, -60, 26.34751, 60, 30, -60
2 : 26.39021, 6.022047, 30, 8.993717, 30, 46.1778, 27.34725, 8.993717
3 : 28.18962, 60, 28.52657, 13.67472, 19.27704, -16.3214, 30, 13.67472
4 : 30, 44.33005, 27.04544, 57.72832, 30, 48.35977, 22.40977, 57.72832

20 Genetic : -0.01601111 Moved
1 : 30, -32.95307, 30, -60, 26.34751, 60, 30, -60
2 : 26.39021, 6.022047, 30, 8.993717, 30, 46.1778, 27.34725, 8.993717
3 : 28.18962, 60, 28.52657, 13.67472, 19.27704, -16.3214, 30, 13.67472
4 : 30, 44.33005, 27.04544, 57.72832, 30, 48.35977, 22.40977, 57.72832

21 Genetic : -0.01965721 Moved
1 : 30, -32.95307, 30, -60, 26.34751, 60, 30, -60
2 : 26.39021, 6.022047, 30, 8.993717, 30, 46.1778, 27.34725, 8.993717
3 : 28.18962, 60, 28.52657, 13.67472, 19.27704, -16.3214, 30, 13.67472
4 : 30, 44.33005, 27.04544, 57.72832, 30, 48.35977, 22.40977, 57.72832

22 Genetic : -0.02395798 Moved
1 : 30, -32.95307, 30, -60, 26.34751, 60, 30, -60
2 : 26.39021, 6.022047, 30, 8.993717, 30, 46.1778, 27.34725, 8.993717
3 : 28.18962, 60, 28.52657, 13.67472, 19.27704, -16.3214, 30, 13.67472
4 : 30, 44.33005, 27.04544, 57.72832, 30, 48.35977, 22.40977, 57.72832

23 Genetic : -0.05568209 Moved
1 : 30, -32.95307, 30, -60, 26.34751, 60, 30, -60
2 : 26.39021, 6.022047, 30, 8.993717, 30, 46.1778, 27.34725, 8.993717
3 : 28.18962, 60, 28.52657, 13.67472, 19.27704, -16.3214, 30, 13.67472
4 : 30, 44.33005, 27.04544, 57.72832, 30, 48.35977, 22.40977, 57.72832

24 Genetic : -0.05608539 Moved
1 : 30, -32.95307, 30, -60, 26.34751, 60, 30, -60
2 : 26.39021, 6.022047, 30, 8.993717, 30, 46.1778, 27.34725, 8.993717
3 : 28.18962, 60, 28.52657, 13.67472, 19.27704, -16.3214, 30, 13.67472
4 : 30, 44.33005, 27.04544, 57.72832, 30, 48.35977, 22.40977, 57.72832

25 Genetic : -0.06854577 Moved
1 : 30, -32.95307, 30, -60, 26.34751, 60, 30, -60
2 : 26.39021, 6.022047, 30, 8.993717, 30, 46.1778, 27.34725, 8.993717
3 : 28.18962, 60, 28.52657, 13.67472, 19.27704, -16.3214, 30, 13.67472
4 : 30, 44.33005, 27.04544, 57.72832, 30, 48.35977, 22.40977, 57.72832

26 Genetic : -0.07063807 Moved
1 : 30, -32.95307, 30, -60, 26.34751, 60, 30, -60
2 : 26.39021, 6.022047, 30, 8.993717, 30, 46.1778, 27.34725, 8.993717
3 : 28.18962, 60, 28.52657, 13.67472, 19.27704, -16.3214, 30, 13.67472
4 : 30, 44.33005, 27.04544, 57.72832, 30, 48.35977, 22.40977, 57.72832

27 Genetic : -0.08538367 Moved
1 : 30, -32.95307, 30, -60, 26.34751, 60, 30, -60
2 : 26.39021, 6.022047, 30, 8.993717, 30, 46.1778, 27.34725, 8.993717
3 : 28.18962, 60, 28.52657, 13.67472, 19.27704, -16.3214, 30, 13.67472
4 : 30, 44.33005, 27.04544, 57.72832, 30, 48.35977, 22.40977, 57.72832

28 Genetic : -0.0918408 Moved
1 : 30, -32.95307, 30, -60, 26.34751, 60, 30, -60
2 : 26.39021, 6.022047, 30, 8.993717, 30, 46.1778, 27.34725, 8.993717
3 : 28.18962, 60, 28.52657, 13.67472, 19.27704, -16.3214, 30, 13.67472
4 : 30, 44.33005, 27.04544, 57.72832, 30, 48.35977, 22.40977, 57.72832

29 Genetic : -0.09992499 Moved
1 : 30, -32.95307, 30, -60, 26.34751, 60, 30, -60
2 : 26.39021, 6.022047, 30, 8.993717, 30, 46.1778, 27.34725, 8.993717
3 : 28.18962, 60, 28.52657, 13.67472, 19.27704, -16.3214, 30, 13.67472
4 : 30, 44.33005, 27.04544, 57.72832, 30, 48.35977, 22.40977, 57.72832

30 Genetic : -0.1059628 Moved
1 : 30, -32.95307, 30, -60, 26.34751, 60, 30, -60
2 : 26.39021, 6.022047, 30, 8.993717, 30, 46.1778, 27.34725, 8.993717
3 : 28.18962, 60, 28.52657, 13.67472, 19.27704, -16.3214, 30, 13.67472
4 : 30, 44.33005, 27.04544, 57.72832, 30, 48.35977, 22.40977, 57.72832

31 Genetic : -0.1064239 Moved
1 : 30, -32.95307, 30, -60, 26.34751, 60, 30, -60
2 : 26.39021, 6.022047, 30, 8.993717, 30, 46.1778, 27.34725, 8.993717
3 : 28.18962, 60, 28.52657, 13.67472, 19.27704, -16.3214, 30, 13.67472
4 : 30, 44.33005, 27.04544, 57.72832, 30, 48.35977, 22.40977, 57.72832

32 Genetic : -0.1070718 Moved
1 : 30, -32.95307, 30, -60, 26.34751, 60, 30, -60
2 : 26.39021, 6.022047, 30, 8.993717, 30, 46.1778, 27.34725, 8.993717
3 : 28.18962, 60, 28.52657, 13.67472, 19.27704, -16.3214, 30, 13.67472
4 : 30, 44.33005, 27.04544, 57.72832, 30, 48.35977, 22.40977, 57.72832

