1 Genetic : 2.477064 Moved
1 : 30, -40.04532, 27.12226, -4.131128, 30, -20.47848, 30, -4.131128
2 : 30, 11.50368, 28.9141, -15.22177, 30, -27.21981, 30, -15.22177
3 : 28.09349, 43.75081, 30, -30.22033, 30, -19.60788, 24.49646, -30.22033
4 : 30, 55.47368, 24.33462, -53.1836, 25.52781, 35.79636, 30, -53.1836

2 Genetic : 2.413724 Moved
1 : 30, -40.04532, 27.12226, -4.131128, 30, -20.47848, 30, -4.131128
2 : 30, 11.50368, 28.9141, -15.22177, 30, -27.21981, 30, -15.22177
3 : 28.09349, 43.75081, 30, -30.22033, 30, -19.60788, 24.49646, -30.22033
4 : 30, 55.47368, 24.33462, -53.1836, 25.52781, 35.79636, 30, -53.1836

3 Genetic : 2.109399 Moved
1 : 30, -40.04532, 27.12226, -4.131128, 30, -20.47848, 30, -4.131128
2 : 30, 11.50368, 28.9141, -15.22177, 30, -27.21981, 30, -15.22177
3 : 28.09349, 43.75081, 30, -30.22033, 30, -19.60788, 24.49646, -30.22033
4 : 30, 55.47368, 24.33462, -53.1836, 25.52781, 35.79636, 30, -53.1836

4 Genetic : 2.097964 Moved
1 : 30, -40.04532, 27.12226, -4.131128, 30, -20.47848, 30, -4.131128
2 : 30, 11.50368, 28.9141, -15.22177, 30, -27.21981, 30, -15.22177
3 : 28.09349, 43.75081, 30, -30.22033, 30, -19.60788, 24.49646, -30.22033
4 : 30, 55.47368, 24.33462, -53.1836, 25.52781, 35.79636, 30, -53.1836

5 Genetic : 2.053553 Moved
1 : 30, -40.04532, 27.12226, -4.131128, 30, -20.47848, 30, -4.131128
2 : 30, 11.50368, 28.9141, -15.22177, 30, -27.21981, 30, -15.22177
3 : 28.09349, 43.75081, 30, -30.22033, 30, -19.60788, 24.49646, -30.22033
4 : 30, 55.47368, 24.33462, -53.1836, 25.52781, 35.79636, 30, -53.1836

6 Genetic : 2.038762 Moved
1 : 30, -40.04532, 27.12226, -4.131128, 30, -20.47848, 30, -4.131128
2 : 30, 11.50368, 28.9141, -15.22177, 30, -27.21981, 30, -15.22177
3 : 28.09349, 43.75081, 30, -30.22033, 30, -19.60788, 24.49646, -30.22033
4 : 30, 55.47368, 24.33462, -53.1836, 25.52781, 35.79636, 30, -53.1836

7 Genetic : 2.03397 Moved
1 : 30, -40.04532, 27.12226, -4.131128, 30, -20.47848, 30, -4.131128
2 : 30, 11.50368, 28.9141, -15.22177, 30, -27.21981, 30, -15.22177
3 : 28.09349, 43.75081, 30, -30.22033, 30, -19.60788, 24.49646, -30.22033
4 : 30, 55.47368, 24.33462, -53.1836, 25.52781, 35.79636, 30, -53.1836

8 Genetic : 2.022099 Moved
1 : 30, -40.04532, 27.12226, -4.131128, 30, -20.47848, 30, -4.131128
2 : 30, 11.50368, 28.9141, -15.22177, 30, -27.21981, 30, -15.22177
3 : 28.09349, 43.75081, 30, -30.22033, 30, -19.60788, 24.49646, -30.22033
4 : 30, 55.47368, 24.33462, -53.1836, 25.52781, 35.79636, 30, -53.1836

9 Genetic : 2.015896 Moved
1 : 30, -40.04532, 27.12226, -4.131128, 30, -20.47848, 30, -4.131128
2 : 30, 11.50368, 28.9141, -15.22177, 30, -27.21981, 30, -15.22177
3 : 28.09349, 43.75081, 30, -30.22033, 30, -19.60788, 24.49646, -30.22033
4 : 30, 55.47368, 24.33462, -53.1836, 25.52781, 35.79636, 30, -53.1836

10 Genetic : 2.010366 Moved
1 : 30, -40.04532, 27.12226, -4.131128, 30, -20.47848, 30, -4.131128
2 : 30, 11.50368, 28.9141, -15.22177, 30, -27.21981, 30, -15.22177
3 : 28.09349, 43.75081, 30, -30.22033, 30, -19.60788, 24.49646, -30.22033
4 : 30, 55.47368, 24.33462, -53.1836, 25.52781, 35.79636, 30, -53.1836

11 Genetic : 1.96184 Moved
1 : 30, -40.04532, 27.12226, -4.131128, 30, -20.47848, 30, -4.131128
2 : 30, 11.50368, 28.9141, -15.22177, 30, -27.21981, 30, -15.22177
3 : 28.09349, 43.75081, 30, -30.22033, 30, -19.60788, 24.49646, -30.22033
4 : 30, 55.47368, 24.33462, -53.1836, 25.52781, 35.79636, 30, -53.1836

12 Genetic : 1.961202 Moved
1 : 30, -40.04532, 27.12226, -4.131128, 30, -20.47848, 30, -4.131128
2 : 30, 11.50368, 28.9141, -15.22177, 30, -27.21981, 30, -15.22177
3 : 28.09349, 43.75081, 30, -30.22033, 30, -19.60788, 24.49646, -30.22033
4 : 30, 55.47368, 24.33462, -53.1836, 25.52781, 35.79636, 30, -53.1836

13 Genetic : 1.915756 Moved
1 : 30, -40.04532, 27.12226, -4.131128, 30, -20.47848, 30, -4.131128
2 : 30, 11.50368, 28.9141, -15.22177, 30, -27.21981, 30, -15.22177
3 : 28.09349, 43.75081, 30, -30.22033, 30, -19.60788, 24.49646, -30.22033
4 : 30, 55.47368, 24.33462, -53.1836, 25.52781, 35.79636, 30, -53.1836

14 Genetic : 1.89582 Moved
1 : 30, -40.04532, 27.12226, -4.131128, 30, -20.47848, 30, -4.131128
2 : 30, 11.50368, 28.9141, -15.22177, 30, -27.21981, 30, -15.22177
3 : 28.09349, 43.75081, 30, -30.22033, 30, -19.60788, 24.49646, -30.22033
4 : 30, 55.47368, 24.33462, -53.1836, 25.52781, 35.79636, 30, -53.1836

15 Genetic : 1.892466 Moved
1 : 30, -40.04532, 27.12226, -4.131128, 30, -20.47848, 30, -4.131128
2 : 30, 11.50368, 28.9141, -15.22177, 30, -27.21981, 30, -15.22177
3 : 28.09349, 43.75081, 30, -30.22033, 30, -19.60788, 24.49646, -30.22033
4 : 30, 55.47368, 24.33462, -53.1836, 25.52781, 35.79636, 30, -53.1836

16 Genetic : 1.885526 Moved
1 : 30, -40.04532, 27.12226, -4.131128, 30, -20.47848, 30, -4.131128
2 : 30, 11.50368, 28.9141, -15.22177, 30, -27.21981, 30, -15.22177
3 : 28.09349, 43.75081, 30, -30.22033, 30, -19.60788, 24.49646, -30.22033
4 : 30, 55.47368, 24.33462, -53.1836, 25.52781, 35.79636, 30, -53.1836

17 Genetic : 1.871281 Moved
1 : 30, -40.04532, 27.12226, -4.131128, 30, -20.47848, 30, -4.131128
2 : 30, 11.50368, 28.9141, -15.22177, 30, -27.21981, 30, -15.22177
3 : 28.09349, 43.75081, 30, -30.22033, 30, -19.60788, 24.49646, -30.22033
4 : 30, 55.47368, 24.33462, -53.1836, 25.52781, 35.79636, 30, -53.1836

18 Genetic : 1.848948 Moved
1 : 30, -40.04532, 27.12226, -4.131128, 30, -20.47848, 30, -4.131128
2 : 30, 11.50368, 28.9141, -15.22177, 30, -27.21981, 30, -15.22177
3 : 28.09349, 43.75081, 30, -30.22033, 30, -19.60788, 24.49646, -30.22033
4 : 30, 55.47368, 24.33462, -53.1836, 25.52781, 35.79636, 30, -53.1836

19 Genetic : 1.840315 Moved
1 : 30, -40.04532, 27.12226, -4.131128, 30, -20.47848, 30, -4.131128
2 : 30, 11.50368, 28.9141, -15.22177, 30, -27.21981, 30, -15.22177
3 : 28.09349, 43.75081, 30, -30.22033, 30, -19.60788, 24.49646, -30.22033
4 : 30, 55.47368, 24.33462, -53.1836, 25.52781, 35.79636, 30, -53.1836

20 Genetic : 1.824055 Moved
1 : 30, -40.04532, 27.12226, -4.131128, 30, -20.47848, 30, -4.131128
2 : 30, 11.50368, 28.9141, -15.22177, 30, -27.21981, 30, -15.22177
3 : 28.09349, 43.75081, 30, -30.22033, 30, -19.60788, 24.49646, -30.22033
4 : 30, 55.47368, 24.33462, -53.1836, 25.52781, 35.79636, 30, -53.1836

21 Genetic : 1.82286 Moved
1 : 30, -40.04532, 27.12226, -4.131128, 30, -20.47848, 30, -4.131128
2 : 30, 11.50368, 28.9141, -15.22177, 30, -27.21981, 30, -15.22177
3 : 28.09349, 43.75081, 30, -30.22033, 30, -19.60788, 24.49646, -30.22033
4 : 30, 55.47368, 24.33462, -53.1836, 25.52781, 35.79636, 30, -53.1836

22 Genetic : 1.761834 Moved
1 : 30, -40.04532, 27.12226, -4.131128, 30, -20.47848, 30, -4.131128
2 : 30, 11.50368, 28.9141, -15.22177, 30, -27.21981, 30, -15.22177
3 : 28.09349, 43.75081, 30, -30.22033, 30, -19.60788, 24.49646, -30.22033
4 : 30, 55.47368, 24.33462, -53.1836, 25.52781, 35.79636, 30, -53.1836

23 Genetic : 1.757603 Moved
1 : 30, -40.04532, 27.12226, -4.131128, 30, -20.47848, 30, -4.131128
2 : 30, 11.50368, 28.9141, -15.22177, 30, -27.21981, 30, -15.22177
3 : 28.09349, 43.75081, 30, -30.22033, 30, -19.60788, 24.49646, -30.22033
4 : 30, 55.47368, 24.33462, -53.1836, 25.52781, 35.79636, 30, -53.1836

24 Genetic : 1.755418 Moved
1 : 30, -40.04532, 27.12226, -4.131128, 30, -20.47848, 30, -4.131128
2 : 30, 11.50368, 28.9141, -15.22177, 30, -27.21981, 30, -15.22177
3 : 28.09349, 43.75081, 30, -30.22033, 30, -19.60788, 24.49646, -30.22033
4 : 30, 55.47368, 24.33462, -53.1836, 25.52781, 35.79636, 30, -53.1836

25 Genetic : 1.750183 Moved
1 : 30, -40.04532, 27.12226, -4.131128, 30, -20.47848, 30, -4.131128
2 : 30, 11.50368, 28.9141, -15.22177, 30, -27.21981, 30, -15.22177
3 : 28.09349, 43.75081, 30, -30.22033, 30, -19.60788, 24.49646, -30.22033
4 : 30, 55.47368, 24.33462, -53.1836, 25.52781, 35.79636, 30, -53.1836

26 Genetic : 1.748602 Moved
1 : 30, -40.04532, 27.12226, -4.131128, 30, -20.47848, 30, -4.131128
2 : 30, 11.50368, 28.9141, -15.22177, 30, -27.21981, 30, -15.22177
3 : 28.09349, 43.75081, 30, -30.22033, 30, -19.60788, 24.49646, -30.22033
4 : 30, 55.47368, 24.33462, -53.1836, 25.52781, 35.79636, 30, -53.1836

27 Genetic : 1.744705 Moved
1 : 30, -40.04532, 27.12226, -4.131128, 30, -20.47848, 30, -4.131128
2 : 30, 11.50368, 28.9141, -15.22177, 30, -27.21981, 30, -15.22177
3 : 28.09349, 43.75081, 30, -30.22033, 30, -19.60788, 24.49646, -30.22033
4 : 30, 55.47368, 24.33462, -53.1836, 25.52781, 35.79636, 30, -53.1836

28 Genetic : 1.719837 Moved
1 : 30, -40.04532, 27.12226, -4.131128, 30, -20.47848, 30, -4.131128
2 : 30, 11.50368, 28.9141, -15.22177, 30, -27.21981, 30, -15.22177
3 : 28.09349, 43.75081, 30, -30.22033, 30, -19.60788, 24.49646, -30.22033
4 : 30, 55.47368, 24.33462, -53.1836, 25.52781, 35.79636, 30, -53.1836

29 Genetic : 1.711643 Moved
1 : 30, -40.04532, 27.12226, -4.131128, 30, -20.47848, 30, -4.131128
2 : 30, 11.50368, 28.9141, -15.22177, 30, -27.21981, 30, -15.22177
3 : 28.09349, 43.75081, 30, -30.22033, 30, -19.60788, 24.49646, -30.22033
4 : 30, 55.47368, 24.33462, -53.1836, 25.52781, 35.79636, 30, -53.1836

30 Genetic : 1.675337 Moved
1 : 30, -40.04532, 27.12226, -4.131128, 30, -20.47848, 30, -4.131128
2 : 30, 11.50368, 28.9141, -15.22177, 30, -27.21981, 30, -15.22177
3 : 28.09349, 43.75081, 30, -30.22033, 30, -19.60788, 24.49646, -30.22033
4 : 30, 55.47368, 24.33462, -53.1836, 25.52781, 35.79636, 30, -53.1836

31 Genetic : 1.637472 Moved
1 : 30, -40.04532, 27.12226, -4.131128, 30, -20.47848, 30, -4.131128
2 : 30, 11.50368, 28.9141, -15.22177, 30, -27.21981, 30, -15.22177
3 : 28.09349, 43.75081, 30, -30.22033, 30, -19.60788, 24.49646, -30.22033
4 : 30, 55.47368, 24.33462, -53.1836, 25.52781, 35.79636, 30, -53.1836

32 Genetic : 1.630658 Moved
1 : 30, -40.04532, 27.12226, -4.131128, 30, -20.47848, 30, -4.131128
2 : 30, 11.50368, 28.9141, -15.22177, 30, -27.21981, 30, -15.22177
3 : 28.09349, 43.75081, 30, -30.22033, 30, -19.60788, 24.49646, -30.22033
4 : 30, 55.47368, 24.33462, -53.1836, 25.52781, 35.79636, 30, -53.1836

