1 Genetic : 4.893162 Moved
1 : 30, -60, 22.11047, -8.364094, 30, 15.55137, 23.18919, -8.364094
2 : 22.55111, 54.21268, 22.3468, 35.56664, 23.40727, 24.93052, 30, 35.56664
3 : -0.2358441, 60, 22.6509, 60, 30, 23.48357, 29.77837, 60
4 : 30, 47.86222, 24.89926, -34.76149, 29.62289, -35.01541, 28.37951, -34.76149

2 Genetic : 4.637639 Moved
1 : 30, -60, 22.11047, -8.364094, 30, 15.55137, 23.18919, -8.364094
2 : 22.55111, 54.21268, 22.3468, 35.56664, 23.40727, 24.93052, 30, 35.56664
3 : -0.2358441, 60, 22.6509, 60, 30, 23.48357, 29.77837, 60
4 : 30, 47.86222, 24.89926, -34.76149, 29.62289, -35.01541, 28.37951, -34.76149

3 Genetic : 4.309058 Moved
1 : 30, -60, 22.11047, -8.364094, 30, 15.55137, 23.18919, -8.364094
2 : 22.55111, 54.21268, 22.3468, 35.56664, 23.40727, 24.93052, 30, 35.56664
3 : -0.2358441, 60, 22.6509, 60, 30, 23.48357, 29.77837, 60
4 : 30, 47.86222, 24.89926, -34.76149, 29.62289, -35.01541, 28.37951, -34.76149

4 Genetic : 3.721981 Moved
1 : 30, -60, 22.11047, -8.364094, 30, 15.55137, 23.18919, -8.364094
2 : 22.55111, 54.21268, 22.3468, 35.56664, 23.40727, 24.93052, 30, 35.56664
3 : -0.2358441, 60, 22.6509, 60, 30, 23.48357, 29.77837, 60
4 : 30, 47.86222, 24.89926, -34.76149, 29.62289, -35.01541, 28.37951, -34.76149

5 Genetic : 3.454299 Moved
1 : 30, -60, 22.11047, -8.364094, 30, 15.55137, 23.18919, -8.364094
2 : 22.55111, 54.21268, 22.3468, 35.56664, 23.40727, 24.93052, 30, 35.56664
3 : -0.2358441, 60, 22.6509, 60, 30, 23.48357, 29.77837, 60
4 : 30, 47.86222, 24.89926, -34.76149, 29.62289, -35.01541, 28.37951, -34.76149

6 Genetic : 3.226233 Moved
1 : 30, -60, 22.11047, -8.364094, 30, 15.55137, 23.18919, -8.364094
2 : 22.55111, 54.21268, 22.3468, 35.56664, 23.40727, 24.93052, 30, 35.56664
3 : -0.2358441, 60, 22.6509, 60, 30, 23.48357, 29.77837, 60
4 : 30, 47.86222, 24.89926, -34.76149, 29.62289, -35.01541, 28.37951, -34.76149

7 Genetic : 3.102441 Moved
1 : 30, -60, 22.11047, -8.364094, 30, 15.55137, 23.18919, -8.364094
2 : 22.55111, 54.21268, 22.3468, 35.56664, 23.40727, 24.93052, 30, 35.56664
3 : -0.2358441, 60, 22.6509, 60, 30, 23.48357, 29.77837, 60
4 : 30, 47.86222, 24.89926, -34.76149, 29.62289, -35.01541, 28.37951, -34.76149

8 Genetic : 3.038254 Moved
1 : 30, -60, 22.11047, -8.364094, 30, 15.55137, 23.18919, -8.364094
2 : 22.55111, 54.21268, 22.3468, 35.56664, 23.40727, 24.93052, 30, 35.56664
3 : -0.2358441, 60, 22.6509, 60, 30, 23.48357, 29.77837, 60
4 : 30, 47.86222, 24.89926, -34.76149, 29.62289, -35.01541, 28.37951, -34.76149

9 Genetic : 2.968435 Moved
1 : 30, -60, 22.11047, -8.364094, 30, 15.55137, 23.18919, -8.364094
2 : 22.55111, 54.21268, 22.3468, 35.56664, 23.40727, 24.93052, 30, 35.56664
3 : -0.2358441, 60, 22.6509, 60, 30, 23.48357, 29.77837, 60
4 : 30, 47.86222, 24.89926, -34.76149, 29.62289, -35.01541, 28.37951, -34.76149

10 Genetic : 2.900185 Moved
1 : 30, -60, 22.11047, -8.364094, 30, 15.55137, 23.18919, -8.364094
2 : 22.55111, 54.21268, 22.3468, 35.56664, 23.40727, 24.93052, 30, 35.56664
3 : -0.2358441, 60, 22.6509, 60, 30, 23.48357, 29.77837, 60
4 : 30, 47.86222, 24.89926, -34.76149, 29.62289, -35.01541, 28.37951, -34.76149

11 Genetic : 2.861207 Moved
1 : 30, -60, 22.11047, -8.364094, 30, 15.55137, 23.18919, -8.364094
2 : 22.55111, 54.21268, 22.3468, 35.56664, 23.40727, 24.93052, 30, 35.56664
3 : -0.2358441, 60, 22.6509, 60, 30, 23.48357, 29.77837, 60
4 : 30, 47.86222, 24.89926, -34.76149, 29.62289, -35.01541, 28.37951, -34.76149

12 Genetic : 2.833327 Moved
1 : 30, -60, 22.11047, -8.364094, 30, 15.55137, 23.18919, -8.364094
2 : 22.55111, 54.21268, 22.3468, 35.56664, 23.40727, 24.93052, 30, 35.56664
3 : -0.2358441, 60, 22.6509, 60, 30, 23.48357, 29.77837, 60
4 : 30, 47.86222, 24.89926, -34.76149, 29.62289, -35.01541, 28.37951, -34.76149

13 Genetic : 2.722482 Moved
1 : 30, -60, 22.11047, -8.364094, 30, 15.55137, 23.18919, -8.364094
2 : 22.55111, 54.21268, 22.3468, 35.56664, 23.40727, 24.93052, 30, 35.56664
3 : -0.2358441, 60, 22.6509, 60, 30, 23.48357, 29.77837, 60
4 : 30, 47.86222, 24.89926, -34.76149, 29.62289, -35.01541, 28.37951, -34.76149

14 Genetic : 2.52969 Moved
1 : 30, -60, 22.11047, -8.364094, 30, 15.55137, 23.18919, -8.364094
2 : 22.55111, 54.21268, 22.3468, 35.56664, 23.40727, 24.93052, 30, 35.56664
3 : -0.2358441, 60, 22.6509, 60, 30, 23.48357, 29.77837, 60
4 : 30, 47.86222, 24.89926, -34.76149, 29.62289, -35.01541, 28.37951, -34.76149

15 Genetic : 2.492332 Moved
1 : 30, -60, 22.11047, -8.364094, 30, 15.55137, 23.18919, -8.364094
2 : 22.55111, 54.21268, 22.3468, 35.56664, 23.40727, 24.93052, 30, 35.56664
3 : -0.2358441, 60, 22.6509, 60, 30, 23.48357, 29.77837, 60
4 : 30, 47.86222, 24.89926, -34.76149, 29.62289, -35.01541, 28.37951, -34.76149

16 Genetic : 2.48929 Moved
1 : 30, -60, 22.11047, -8.364094, 30, 15.55137, 23.18919, -8.364094
2 : 22.55111, 54.21268, 22.3468, 35.56664, 23.40727, 24.93052, 30, 35.56664
3 : -0.2358441, 60, 22.6509, 60, 30, 23.48357, 29.77837, 60
4 : 30, 47.86222, 24.89926, -34.76149, 29.62289, -35.01541, 28.37951, -34.76149

17 Genetic : 2.431782 Moved
1 : 30, -60, 22.11047, -8.364094, 30, 15.55137, 23.18919, -8.364094
2 : 22.55111, 54.21268, 22.3468, 35.56664, 23.40727, 24.93052, 30, 35.56664
3 : -0.2358441, 60, 22.6509, 60, 30, 23.48357, 29.77837, 60
4 : 30, 47.86222, 24.89926, -34.76149, 29.62289, -35.01541, 28.37951, -34.76149

18 Genetic : 2.400921 Moved
1 : 30, -60, 22.11047, -8.364094, 30, 15.55137, 23.18919, -8.364094
2 : 22.55111, 54.21268, 22.3468, 35.56664, 23.40727, 24.93052, 30, 35.56664
3 : -0.2358441, 60, 22.6509, 60, 30, 23.48357, 29.77837, 60
4 : 30, 47.86222, 24.89926, -34.76149, 29.62289, -35.01541, 28.37951, -34.76149

19 Genetic : 2.384635 Moved
1 : 30, -60, 22.11047, -8.364094, 30, 15.55137, 23.18919, -8.364094
2 : 22.55111, 54.21268, 22.3468, 35.56664, 23.40727, 24.93052, 30, 35.56664
3 : -0.2358441, 60, 22.6509, 60, 30, 23.48357, 29.77837, 60
4 : 30, 47.86222, 24.89926, -34.76149, 29.62289, -35.01541, 28.37951, -34.76149

20 Genetic : 2.381717 Moved
1 : 30, -60, 22.11047, -8.364094, 30, 15.55137, 23.18919, -8.364094
2 : 22.55111, 54.21268, 22.3468, 35.56664, 23.40727, 24.93052, 30, 35.56664
3 : -0.2358441, 60, 22.6509, 60, 30, 23.48357, 29.77837, 60
4 : 30, 47.86222, 24.89926, -34.76149, 29.62289, -35.01541, 28.37951, -34.76149

21 Genetic : 2.32329 Moved
1 : 30, -60, 22.11047, -8.364094, 30, 15.55137, 23.18919, -8.364094
2 : 22.55111, 54.21268, 22.3468, 35.56664, 23.40727, 24.93052, 30, 35.56664
3 : -0.2358441, 60, 22.6509, 60, 30, 23.48357, 29.77837, 60
4 : 30, 47.86222, 24.89926, -34.76149, 29.62289, -35.01541, 28.37951, -34.76149

22 Genetic : 2.321193 Moved
1 : 30, -60, 22.11047, -8.364094, 30, 15.55137, 23.18919, -8.364094
2 : 22.55111, 54.21268, 22.3468, 35.56664, 23.40727, 24.93052, 30, 35.56664
3 : -0.2358441, 60, 22.6509, 60, 30, 23.48357, 29.77837, 60
4 : 30, 47.86222, 24.89926, -34.76149, 29.62289, -35.01541, 28.37951, -34.76149

23 Genetic : 2.246202 Moved
1 : 30, -60, 22.11047, -8.364094, 30, 15.55137, 23.18919, -8.364094
2 : 22.55111, 54.21268, 22.3468, 35.56664, 23.40727, 24.93052, 30, 35.56664
3 : -0.2358441, 60, 22.6509, 60, 30, 23.48357, 29.77837, 60
4 : 30, 47.86222, 24.89926, -34.76149, 29.62289, -35.01541, 28.37951, -34.76149

24 Genetic : 2.226289 Moved
1 : 30, -60, 22.11047, -8.364094, 30, 15.55137, 23.18919, -8.364094
2 : 22.55111, 54.21268, 22.3468, 35.56664, 23.40727, 24.93052, 30, 35.56664
3 : -0.2358441, 60, 22.6509, 60, 30, 23.48357, 29.77837, 60
4 : 30, 47.86222, 24.89926, -34.76149, 29.62289, -35.01541, 28.37951, -34.76149

25 Genetic : 2.223532 Moved
1 : 30, -60, 22.11047, -8.364094, 30, 15.55137, 23.18919, -8.364094
2 : 22.55111, 54.21268, 22.3468, 35.56664, 23.40727, 24.93052, 30, 35.56664
3 : -0.2358441, 60, 22.6509, 60, 30, 23.48357, 29.77837, 60
4 : 30, 47.86222, 24.89926, -34.76149, 29.62289, -35.01541, 28.37951, -34.76149

26 Genetic : 2.062343 Moved
1 : 30, -60, 22.11047, -8.364094, 30, 15.55137, 23.18919, -8.364094
2 : 22.55111, 54.21268, 22.3468, 35.56664, 23.40727, 24.93052, 30, 35.56664
3 : -0.2358441, 60, 22.6509, 60, 30, 23.48357, 29.77837, 60
4 : 30, 47.86222, 24.89926, -34.76149, 29.62289, -35.01541, 28.37951, -34.76149

27 Genetic : 2.025391 Moved
1 : 30, -60, 22.11047, -8.364094, 30, 15.55137, 23.18919, -8.364094
2 : 22.55111, 54.21268, 22.3468, 35.56664, 23.40727, 24.93052, 30, 35.56664
3 : -0.2358441, 60, 22.6509, 60, 30, 23.48357, 29.77837, 60
4 : 30, 47.86222, 24.89926, -34.76149, 29.62289, -35.01541, 28.37951, -34.76149

28 Genetic : 1.993218 Moved
1 : 30, -60, 22.11047, -8.364094, 30, 15.55137, 23.18919, -8.364094
2 : 22.55111, 54.21268, 22.3468, 35.56664, 23.40727, 24.93052, 30, 35.56664
3 : -0.2358441, 60, 22.6509, 60, 30, 23.48357, 29.77837, 60
4 : 30, 47.86222, 24.89926, -34.76149, 29.62289, -35.01541, 28.37951, -34.76149

29 Genetic : 1.936006 Moved
1 : 30, -60, 22.11047, -8.364094, 30, 15.55137, 23.18919, -8.364094
2 : 22.55111, 54.21268, 22.3468, 35.56664, 23.40727, 24.93052, 30, 35.56664
3 : -0.2358441, 60, 22.6509, 60, 30, 23.48357, 29.77837, 60
4 : 30, 47.86222, 24.89926, -34.76149, 29.62289, -35.01541, 28.37951, -34.76149

30 Genetic : 1.885571 Moved
1 : 30, -60, 22.11047, -8.364094, 30, 15.55137, 23.18919, -8.364094
2 : 22.55111, 54.21268, 22.3468, 35.56664, 23.40727, 24.93052, 30, 35.56664
3 : -0.2358441, 60, 22.6509, 60, 30, 23.48357, 29.77837, 60
4 : 30, 47.86222, 24.89926, -34.76149, 29.62289, -35.01541, 28.37951, -34.76149

31 Genetic : 1.84446 Moved
1 : 30, -60, 22.11047, -8.364094, 30, 15.55137, 23.18919, -8.364094
2 : 22.55111, 54.21268, 22.3468, 35.56664, 23.40727, 24.93052, 30, 35.56664
3 : -0.2358441, 60, 22.6509, 60, 30, 23.48357, 29.77837, 60
4 : 30, 47.86222, 24.89926, -34.76149, 29.62289, -35.01541, 28.37951, -34.76149

32 Genetic : 1.835993 Moved
1 : 30, -60, 22.11047, -8.364094, 30, 15.55137, 23.18919, -8.364094
2 : 22.55111, 54.21268, 22.3468, 35.56664, 23.40727, 24.93052, 30, 35.56664
3 : -0.2358441, 60, 22.6509, 60, 30, 23.48357, 29.77837, 60
4 : 30, 47.86222, 24.89926, -34.76149, 29.62289, -35.01541, 28.37951, -34.76149

