1 Genetic : 0.3363892 Moved
1 : 30, -37.51619, 30, 58.46836, 28.48806, -12.03571, 12.38119, 58.46836
2 : 22.5075, -51.08743, 30, 37.55787, 9.319402, -50.28966, 29.39178, 37.55787
3 : 30, 29.72227, 30, -40.43086, 30, 25.56901, 30, -40.43086
4 : 30, -13.11787, 24.05037, 26.12051, 30, 60, 30, 26.12051

2 Genetic : 0.251324 Moved
1 : 30, -37.51619, 30, 58.46836, 28.48806, -12.03571, 12.38119, 58.46836
2 : 22.5075, -51.08743, 30, 37.55787, 9.319402, -50.28966, 29.39178, 37.55787
3 : 30, 29.72227, 30, -40.43086, 30, 25.56901, 30, -40.43086
4 : 30, -13.11787, 24.05037, 26.12051, 30, 60, 30, 26.12051

3 Genetic : 0.1956673 Moved
1 : 30, -37.51619, 30, 58.46836, 28.48806, -12.03571, 12.38119, 58.46836
2 : 22.5075, -51.08743, 30, 37.55787, 9.319402, -50.28966, 29.39178, 37.55787
3 : 30, 29.72227, 30, -40.43086, 30, 25.56901, 30, -40.43086
4 : 30, -13.11787, 24.05037, 26.12051, 30, 60, 30, 26.12051

4 Genetic : 0.169949 Moved
1 : 30, -37.51619, 30, 58.46836, 28.48806, -12.03571, 12.38119, 58.46836
2 : 22.5075, -51.08743, 30, 37.55787, 9.319402, -50.28966, 29.39178, 37.55787
3 : 30, 29.72227, 30, -40.43086, 30, 25.56901, 30, -40.43086
4 : 30, -13.11787, 24.05037, 26.12051, 30, 60, 30, 26.12051

5 Genetic : 0.1298054 Moved
1 : 30, -37.51619, 30, 58.46836, 28.48806, -12.03571, 12.38119, 58.46836
2 : 22.5075, -51.08743, 30, 37.55787, 9.319402, -50.28966, 29.39178, 37.55787
3 : 30, 29.72227, 30, -40.43086, 30, 25.56901, 30, -40.43086
4 : 30, -13.11787, 24.05037, 26.12051, 30, 60, 30, 26.12051

6 Genetic : 0.1228576 Moved
1 : 30, -37.51619, 30, 58.46836, 28.48806, -12.03571, 12.38119, 58.46836
2 : 22.5075, -51.08743, 30, 37.55787, 9.319402, -50.28966, 29.39178, 37.55787
3 : 30, 29.72227, 30, -40.43086, 30, 25.56901, 30, -40.43086
4 : 30, -13.11787, 24.05037, 26.12051, 30, 60, 30, 26.12051

7 Genetic : 0.09270173 Moved
1 : 30, -37.51619, 30, 58.46836, 28.48806, -12.03571, 12.38119, 58.46836
2 : 22.5075, -51.08743, 30, 37.55787, 9.319402, -50.28966, 29.39178, 37.55787
3 : 30, 29.72227, 30, -40.43086, 30, 25.56901, 30, -40.43086
4 : 30, -13.11787, 24.05037, 26.12051, 30, 60, 30, 26.12051

8 Genetic : 0.0102163 Moved
1 : 30, -37.51619, 30, 58.46836, 28.48806, -12.03571, 12.38119, 58.46836
2 : 22.5075, -51.08743, 30, 37.55787, 9.319402, -50.28966, 29.39178, 37.55787
3 : 30, 29.72227, 30, -40.43086, 30, 25.56901, 30, -40.43086
4 : 30, -13.11787, 24.05037, 26.12051, 30, 60, 30, 26.12051

9 Genetic : 0.0009862781 Moved
1 : 30, -37.51619, 30, 58.46836, 28.48806, -12.03571, 12.38119, 58.46836
2 : 22.5075, -51.08743, 30, 37.55787, 9.319402, -50.28966, 29.39178, 37.55787
3 : 30, 29.72227, 30, -40.43086, 30, 25.56901, 30, -40.43086
4 : 30, -13.11787, 24.05037, 26.12051, 30, 60, 30, 26.12051

10 Genetic : -0.008528829 Moved
1 : 30, -37.51619, 30, 58.46836, 28.48806, -12.03571, 12.38119, 58.46836
2 : 22.5075, -51.08743, 30, 37.55787, 9.319402, -50.28966, 29.39178, 37.55787
3 : 30, 29.72227, 30, -40.43086, 30, 25.56901, 30, -40.43086
4 : 30, -13.11787, 24.05037, 26.12051, 30, 60, 30, 26.12051

11 Genetic : -0.009899437 Moved
1 : 30, -37.51619, 30, 58.46836, 28.48806, -12.03571, 12.38119, 58.46836
2 : 22.5075, -51.08743, 30, 37.55787, 9.319402, -50.28966, 29.39178, 37.55787
3 : 30, 29.72227, 30, -40.43086, 30, 25.56901, 30, -40.43086
4 : 30, -13.11787, 24.05037, 26.12051, 30, 60, 30, 26.12051

12 Genetic : -0.01030093 Moved
1 : 30, -37.51619, 30, 58.46836, 28.48806, -12.03571, 12.38119, 58.46836
2 : 22.5075, -51.08743, 30, 37.55787, 9.319402, -50.28966, 29.39178, 37.55787
3 : 30, 29.72227, 30, -40.43086, 30, 25.56901, 30, -40.43086
4 : 30, -13.11787, 24.05037, 26.12051, 30, 60, 30, 26.12051

13 Genetic : -0.03117847 Moved
1 : 30, -37.51619, 30, 58.46836, 28.48806, -12.03571, 12.38119, 58.46836
2 : 22.5075, -51.08743, 30, 37.55787, 9.319402, -50.28966, 29.39178, 37.55787
3 : 30, 29.72227, 30, -40.43086, 30, 25.56901, 30, -40.43086
4 : 30, -13.11787, 24.05037, 26.12051, 30, 60, 30, 26.12051

14 Genetic : -0.04397464 Moved
1 : 30, -37.51619, 30, 58.46836, 28.48806, -12.03571, 12.38119, 58.46836
2 : 22.5075, -51.08743, 30, 37.55787, 9.319402, -50.28966, 29.39178, 37.55787
3 : 30, 29.72227, 30, -40.43086, 30, 25.56901, 30, -40.43086
4 : 30, -13.11787, 24.05037, 26.12051, 30, 60, 30, 26.12051

15 Genetic : -0.05700123 Moved
1 : 30, -37.51619, 30, 58.46836, 28.48806, -12.03571, 12.38119, 58.46836
2 : 22.5075, -51.08743, 30, 37.55787, 9.319402, -50.28966, 29.39178, 37.55787
3 : 30, 29.72227, 30, -40.43086, 30, 25.56901, 30, -40.43086
4 : 30, -13.11787, 24.05037, 26.12051, 30, 60, 30, 26.12051

16 Genetic : -0.06722444 Moved
1 : 30, -37.51619, 30, 58.46836, 28.48806, -12.03571, 12.38119, 58.46836
2 : 22.5075, -51.08743, 30, 37.55787, 9.319402, -50.28966, 29.39178, 37.55787
3 : 30, 29.72227, 30, -40.43086, 30, 25.56901, 30, -40.43086
4 : 30, -13.11787, 24.05037, 26.12051, 30, 60, 30, 26.12051

17 Genetic : -0.07033914 Moved
1 : 30, -37.51619, 30, 58.46836, 28.48806, -12.03571, 12.38119, 58.46836
2 : 22.5075, -51.08743, 30, 37.55787, 9.319402, -50.28966, 29.39178, 37.55787
3 : 30, 29.72227, 30, -40.43086, 30, 25.56901, 30, -40.43086
4 : 30, -13.11787, 24.05037, 26.12051, 30, 60, 30, 26.12051

18 Genetic : -0.08188355 Moved
1 : 30, -37.51619, 30, 58.46836, 28.48806, -12.03571, 12.38119, 58.46836
2 : 22.5075, -51.08743, 30, 37.55787, 9.319402, -50.28966, 29.39178, 37.55787
3 : 30, 29.72227, 30, -40.43086, 30, 25.56901, 30, -40.43086
4 : 30, -13.11787, 24.05037, 26.12051, 30, 60, 30, 26.12051

19 Genetic : -0.1028599 Moved
1 : 30, -37.51619, 30, 58.46836, 28.48806, -12.03571, 12.38119, 58.46836
2 : 22.5075, -51.08743, 30, 37.55787, 9.319402, -50.28966, 29.39178, 37.55787
3 : 30, 29.72227, 30, -40.43086, 30, 25.56901, 30, -40.43086
4 : 30, -13.11787, 24.05037, 26.12051, 30, 60, 30, 26.12051

20 Genetic : -0.1039833 Moved
1 : 30, -37.51619, 30, 58.46836, 28.48806, -12.03571, 12.38119, 58.46836
2 : 22.5075, -51.08743, 30, 37.55787, 9.319402, -50.28966, 29.39178, 37.55787
3 : 30, 29.72227, 30, -40.43086, 30, 25.56901, 30, -40.43086
4 : 30, -13.11787, 24.05037, 26.12051, 30, 60, 30, 26.12051

21 Genetic : -0.1110936 Moved
1 : 30, -37.51619, 30, 58.46836, 28.48806, -12.03571, 12.38119, 58.46836
2 : 22.5075, -51.08743, 30, 37.55787, 9.319402, -50.28966, 29.39178, 37.55787
3 : 30, 29.72227, 30, -40.43086, 30, 25.56901, 30, -40.43086
4 : 30, -13.11787, 24.05037, 26.12051, 30, 60, 30, 26.12051

22 Genetic : -0.1363612 Moved
1 : 30, -37.51619, 30, 58.46836, 28.48806, -12.03571, 12.38119, 58.46836
2 : 22.5075, -51.08743, 30, 37.55787, 9.319402, -50.28966, 29.39178, 37.55787
3 : 30, 29.72227, 30, -40.43086, 30, 25.56901, 30, -40.43086
4 : 30, -13.11787, 24.05037, 26.12051, 30, 60, 30, 26.12051

23 Genetic : -0.1417887 Moved
1 : 30, -37.51619, 30, 58.46836, 28.48806, -12.03571, 12.38119, 58.46836
2 : 22.5075, -51.08743, 30, 37.55787, 9.319402, -50.28966, 29.39178, 37.55787
3 : 30, 29.72227, 30, -40.43086, 30, 25.56901, 30, -40.43086
4 : 30, -13.11787, 24.05037, 26.12051, 30, 60, 30, 26.12051

24 Genetic : -0.1583886 Moved
1 : 30, -37.51619, 30, 58.46836, 28.48806, -12.03571, 12.38119, 58.46836
2 : 22.5075, -51.08743, 30, 37.55787, 9.319402, -50.28966, 29.39178, 37.55787
3 : 30, 29.72227, 30, -40.43086, 30, 25.56901, 30, -40.43086
4 : 30, -13.11787, 24.05037, 26.12051, 30, 60, 30, 26.12051

25 Genetic : -0.1754303 Moved
1 : 30, -37.51619, 30, 58.46836, 28.48806, -12.03571, 12.38119, 58.46836
2 : 22.5075, -51.08743, 30, 37.55787, 9.319402, -50.28966, 29.39178, 37.55787
3 : 30, 29.72227, 30, -40.43086, 30, 25.56901, 30, -40.43086
4 : 30, -13.11787, 24.05037, 26.12051, 30, 60, 30, 26.12051

26 Genetic : -0.1821662 Moved
1 : 30, -37.51619, 30, 58.46836, 28.48806, -12.03571, 12.38119, 58.46836
2 : 22.5075, -51.08743, 30, 37.55787, 9.319402, -50.28966, 29.39178, 37.55787
3 : 30, 29.72227, 30, -40.43086, 30, 25.56901, 30, -40.43086
4 : 30, -13.11787, 24.05037, 26.12051, 30, 60, 30, 26.12051

27 Genetic : -0.1828734 Moved
1 : 30, -37.51619, 30, 58.46836, 28.48806, -12.03571, 12.38119, 58.46836
2 : 22.5075, -51.08743, 30, 37.55787, 9.319402, -50.28966, 29.39178, 37.55787
3 : 30, 29.72227, 30, -40.43086, 30, 25.56901, 30, -40.43086
4 : 30, -13.11787, 24.05037, 26.12051, 30, 60, 30, 26.12051

28 Genetic : -0.1942916 Moved
1 : 30, -37.51619, 30, 58.46836, 28.48806, -12.03571, 12.38119, 58.46836
2 : 22.5075, -51.08743, 30, 37.55787, 9.319402, -50.28966, 29.39178, 37.55787
3 : 30, 29.72227, 30, -40.43086, 30, 25.56901, 30, -40.43086
4 : 30, -13.11787, 24.05037, 26.12051, 30, 60, 30, 26.12051

29 Genetic : -0.204464 Moved
1 : 30, -37.51619, 30, 58.46836, 28.48806, -12.03571, 12.38119, 58.46836
2 : 22.5075, -51.08743, 30, 37.55787, 9.319402, -50.28966, 29.39178, 37.55787
3 : 30, 29.72227, 30, -40.43086, 30, 25.56901, 30, -40.43086
4 : 30, -13.11787, 24.05037, 26.12051, 30, 60, 30, 26.12051

30 Genetic : -0.2078983 Moved
1 : 30, -37.51619, 30, 58.46836, 28.48806, -12.03571, 12.38119, 58.46836
2 : 22.5075, -51.08743, 30, 37.55787, 9.319402, -50.28966, 29.39178, 37.55787
3 : 30, 29.72227, 30, -40.43086, 30, 25.56901, 30, -40.43086
4 : 30, -13.11787, 24.05037, 26.12051, 30, 60, 30, 26.12051

31 Genetic : -0.2140284 Moved
1 : 30, -37.51619, 30, 58.46836, 28.48806, -12.03571, 12.38119, 58.46836
2 : 22.5075, -51.08743, 30, 37.55787, 9.319402, -50.28966, 29.39178, 37.55787
3 : 30, 29.72227, 30, -40.43086, 30, 25.56901, 30, -40.43086
4 : 30, -13.11787, 24.05037, 26.12051, 30, 60, 30, 26.12051

32 Genetic : -0.2195677 Moved
1 : 30, -37.51619, 30, 58.46836, 28.48806, -12.03571, 12.38119, 58.46836
2 : 22.5075, -51.08743, 30, 37.55787, 9.319402, -50.28966, 29.39178, 37.55787
3 : 30, 29.72227, 30, -40.43086, 30, 25.56901, 30, -40.43086
4 : 30, -13.11787, 24.05037, 26.12051, 30, 60, 30, 26.12051

