1 Genetic : 0.787327 Moved
1 : 20.31881, -37.31389, 30, 60, 30, 23.0147, 30, 60
2 : 30, -28.65494, 30, -34.50066, 30, 22.62334, 16.52073, -34.50066
3 : 30, -60, 27.60319, -3.729441, 30, -60, 19.12813, -3.729441
4 : 30, 31.68606, 30, -8.791312, 30, 18.91088, 30, -8.791312

2 Genetic : 0.5345694 Moved
1 : 20.31881, -37.31389, 30, 60, 30, 23.0147, 30, 60
2 : 30, -28.65494, 30, -34.50066, 30, 22.62334, 16.52073, -34.50066
3 : 30, -60, 27.60319, -3.729441, 30, -60, 19.12813, -3.729441
4 : 30, 31.68606, 30, -8.791312, 30, 18.91088, 30, -8.791312

3 Genetic : -0.2268397 Moved
1 : 20.31881, -37.31389, 30, 60, 30, 23.0147, 30, 60
2 : 30, -28.65494, 30, -34.50066, 30, 22.62334, 16.52073, -34.50066
3 : 30, -60, 27.60319, -3.729441, 30, -60, 19.12813, -3.729441
4 : 30, 31.68606, 30, -8.791312, 30, 18.91088, 30, -8.791312

4 Genetic : -0.4180396 Moved
1 : 20.31881, -37.31389, 30, 60, 30, 23.0147, 30, 60
2 : 30, -28.65494, 30, -34.50066, 30, 22.62334, 16.52073, -34.50066
3 : 30, -60, 27.60319, -3.729441, 30, -60, 19.12813, -3.729441
4 : 30, 31.68606, 30, -8.791312, 30, 18.91088, 30, -8.791312

5 Genetic : -0.8133504 Moved
1 : 20.31881, -37.31389, 30, 60, 30, 23.0147, 30, 60
2 : 30, -28.65494, 30, -34.50066, 30, 22.62334, 16.52073, -34.50066
3 : 30, -60, 27.60319, -3.729441, 30, -60, 19.12813, -3.729441
4 : 30, 31.68606, 30, -8.791312, 30, 18.91088, 30, -8.791312

6 Genetic : -0.8959906 Moved
1 : 20.31881, -37.31389, 30, 60, 30, 23.0147, 30, 60
2 : 30, -28.65494, 30, -34.50066, 30, 22.62334, 16.52073, -34.50066
3 : 30, -60, 27.60319, -3.729441, 30, -60, 19.12813, -3.729441
4 : 30, 31.68606, 30, -8.791312, 30, 18.91088, 30, -8.791312

7 Genetic : -0.9252561 Moved
1 : 20.31881, -37.31389, 30, 60, 30, 23.0147, 30, 60
2 : 30, -28.65494, 30, -34.50066, 30, 22.62334, 16.52073, -34.50066
3 : 30, -60, 27.60319, -3.729441, 30, -60, 19.12813, -3.729441
4 : 30, 31.68606, 30, -8.791312, 30, 18.91088, 30, -8.791312

8 Genetic : -1.035405 Moved
1 : 20.31881, -37.31389, 30, 60, 30, 23.0147, 30, 60
2 : 30, -28.65494, 30, -34.50066, 30, 22.62334, 16.52073, -34.50066
3 : 30, -60, 27.60319, -3.729441, 30, -60, 19.12813, -3.729441
4 : 30, 31.68606, 30, -8.791312, 30, 18.91088, 30, -8.791312

9 Genetic : -1.05771 Moved
1 : 20.31881, -37.31389, 30, 60, 30, 23.0147, 30, 60
2 : 30, -28.65494, 30, -34.50066, 30, 22.62334, 16.52073, -34.50066
3 : 30, -60, 27.60319, -3.729441, 30, -60, 19.12813, -3.729441
4 : 30, 31.68606, 30, -8.791312, 30, 18.91088, 30, -8.791312

10 Genetic : -1.070532 Moved
1 : 20.31881, -37.31389, 30, 60, 30, 23.0147, 30, 60
2 : 30, -28.65494, 30, -34.50066, 30, 22.62334, 16.52073, -34.50066
3 : 30, -60, 27.60319, -3.729441, 30, -60, 19.12813, -3.729441
4 : 30, 31.68606, 30, -8.791312, 30, 18.91088, 30, -8.791312

11 Genetic : -1.242421 Moved
1 : 20.31881, -37.31389, 30, 60, 30, 23.0147, 30, 60
2 : 30, -28.65494, 30, -34.50066, 30, 22.62334, 16.52073, -34.50066
3 : 30, -60, 27.60319, -3.729441, 30, -60, 19.12813, -3.729441
4 : 30, 31.68606, 30, -8.791312, 30, 18.91088, 30, -8.791312

12 Genetic : -1.365328 Moved
1 : 20.31881, -37.31389, 30, 60, 30, 23.0147, 30, 60
2 : 30, -28.65494, 30, -34.50066, 30, 22.62334, 16.52073, -34.50066
3 : 30, -60, 27.60319, -3.729441, 30, -60, 19.12813, -3.729441
4 : 30, 31.68606, 30, -8.791312, 30, 18.91088, 30, -8.791312

13 Genetic : -1.6177 Moved
1 : 20.31881, -37.31389, 30, 60, 30, 23.0147, 30, 60
2 : 30, -28.65494, 30, -34.50066, 30, 22.62334, 16.52073, -34.50066
3 : 30, -60, 27.60319, -3.729441, 30, -60, 19.12813, -3.729441
4 : 30, 31.68606, 30, -8.791312, 30, 18.91088, 30, -8.791312

14 Genetic : -1.639955 Moved
1 : 20.31881, -37.31389, 30, 60, 30, 23.0147, 30, 60
2 : 30, -28.65494, 30, -34.50066, 30, 22.62334, 16.52073, -34.50066
3 : 30, -60, 27.60319, -3.729441, 30, -60, 19.12813, -3.729441
4 : 30, 31.68606, 30, -8.791312, 30, 18.91088, 30, -8.791312

15 Genetic : -1.720753 Moved
1 : 20.31881, -37.31389, 30, 60, 30, 23.0147, 30, 60
2 : 30, -28.65494, 30, -34.50066, 30, 22.62334, 16.52073, -34.50066
3 : 30, -60, 27.60319, -3.729441, 30, -60, 19.12813, -3.729441
4 : 30, 31.68606, 30, -8.791312, 30, 18.91088, 30, -8.791312

16 Genetic : -1.793473 Moved
1 : 20.31881, -37.31389, 30, 60, 30, 23.0147, 30, 60
2 : 30, -28.65494, 30, -34.50066, 30, 22.62334, 16.52073, -34.50066
3 : 30, -60, 27.60319, -3.729441, 30, -60, 19.12813, -3.729441
4 : 30, 31.68606, 30, -8.791312, 30, 18.91088, 30, -8.791312

17 Genetic : -1.883991 Moved
1 : 20.31881, -37.31389, 30, 60, 30, 23.0147, 30, 60
2 : 30, -28.65494, 30, -34.50066, 30, 22.62334, 16.52073, -34.50066
3 : 30, -60, 27.60319, -3.729441, 30, -60, 19.12813, -3.729441
4 : 30, 31.68606, 30, -8.791312, 30, 18.91088, 30, -8.791312

18 Genetic : -1.943236 Moved
1 : 20.31881, -37.31389, 30, 60, 30, 23.0147, 30, 60
2 : 30, -28.65494, 30, -34.50066, 30, 22.62334, 16.52073, -34.50066
3 : 30, -60, 27.60319, -3.729441, 30, -60, 19.12813, -3.729441
4 : 30, 31.68606, 30, -8.791312, 30, 18.91088, 30, -8.791312

19 Genetic : -2.138066 Moved
1 : 20.31881, -37.31389, 30, 60, 30, 23.0147, 30, 60
2 : 30, -28.65494, 30, -34.50066, 30, 22.62334, 16.52073, -34.50066
3 : 30, -60, 27.60319, -3.729441, 30, -60, 19.12813, -3.729441
4 : 30, 31.68606, 30, -8.791312, 30, 18.91088, 30, -8.791312

20 Genetic : -2.143616 Moved
1 : 20.31881, -37.31389, 30, 60, 30, 23.0147, 30, 60
2 : 30, -28.65494, 30, -34.50066, 30, 22.62334, 16.52073, -34.50066
3 : 30, -60, 27.60319, -3.729441, 30, -60, 19.12813, -3.729441
4 : 30, 31.68606, 30, -8.791312, 30, 18.91088, 30, -8.791312

21 Genetic : -2.162145 Moved
1 : 20.31881, -37.31389, 30, 60, 30, 23.0147, 30, 60
2 : 30, -28.65494, 30, -34.50066, 30, 22.62334, 16.52073, -34.50066
3 : 30, -60, 27.60319, -3.729441, 30, -60, 19.12813, -3.729441
4 : 30, 31.68606, 30, -8.791312, 30, 18.91088, 30, -8.791312

22 Genetic : -2.250831 Moved
1 : 20.31881, -37.31389, 30, 60, 30, 23.0147, 30, 60
2 : 30, -28.65494, 30, -34.50066, 30, 22.62334, 16.52073, -34.50066
3 : 30, -60, 27.60319, -3.729441, 30, -60, 19.12813, -3.729441
4 : 30, 31.68606, 30, -8.791312, 30, 18.91088, 30, -8.791312

23 Genetic : -2.268462 Moved
1 : 20.31881, -37.31389, 30, 60, 30, 23.0147, 30, 60
2 : 30, -28.65494, 30, -34.50066, 30, 22.62334, 16.52073, -34.50066
3 : 30, -60, 27.60319, -3.729441, 30, -60, 19.12813, -3.729441
4 : 30, 31.68606, 30, -8.791312, 30, 18.91088, 30, -8.791312

24 Genetic : -2.290085 Moved
1 : 20.31881, -37.31389, 30, 60, 30, 23.0147, 30, 60
2 : 30, -28.65494, 30, -34.50066, 30, 22.62334, 16.52073, -34.50066
3 : 30, -60, 27.60319, -3.729441, 30, -60, 19.12813, -3.729441
4 : 30, 31.68606, 30, -8.791312, 30, 18.91088, 30, -8.791312

25 Genetic : -2.294088 Moved
1 : 20.31881, -37.31389, 30, 60, 30, 23.0147, 30, 60
2 : 30, -28.65494, 30, -34.50066, 30, 22.62334, 16.52073, -34.50066
3 : 30, -60, 27.60319, -3.729441, 30, -60, 19.12813, -3.729441
4 : 30, 31.68606, 30, -8.791312, 30, 18.91088, 30, -8.791312

26 Genetic : -2.296834 Moved
1 : 20.31881, -37.31389, 30, 60, 30, 23.0147, 30, 60
2 : 30, -28.65494, 30, -34.50066, 30, 22.62334, 16.52073, -34.50066
3 : 30, -60, 27.60319, -3.729441, 30, -60, 19.12813, -3.729441
4 : 30, 31.68606, 30, -8.791312, 30, 18.91088, 30, -8.791312

27 Genetic : -2.297057 Moved
1 : 20.31881, -37.31389, 30, 60, 30, 23.0147, 30, 60
2 : 30, -28.65494, 30, -34.50066, 30, 22.62334, 16.52073, -34.50066
3 : 30, -60, 27.60319, -3.729441, 30, -60, 19.12813, -3.729441
4 : 30, 31.68606, 30, -8.791312, 30, 18.91088, 30, -8.791312

28 Genetic : -2.373788 Moved
1 : 20.31881, -37.31389, 30, 60, 30, 23.0147, 30, 60
2 : 30, -28.65494, 30, -34.50066, 30, 22.62334, 16.52073, -34.50066
3 : 30, -60, 27.60319, -3.729441, 30, -60, 19.12813, -3.729441
4 : 30, 31.68606, 30, -8.791312, 30, 18.91088, 30, -8.791312

29 Genetic : -2.448975 Moved
1 : 20.31881, -37.31389, 30, 60, 30, 23.0147, 30, 60
2 : 30, -28.65494, 30, -34.50066, 30, 22.62334, 16.52073, -34.50066
3 : 30, -60, 27.60319, -3.729441, 30, -60, 19.12813, -3.729441
4 : 30, 31.68606, 30, -8.791312, 30, 18.91088, 30, -8.791312

30 Genetic : -2.473743 Moved
1 : 20.31881, -37.31389, 30, 60, 30, 23.0147, 30, 60
2 : 30, -28.65494, 30, -34.50066, 30, 22.62334, 16.52073, -34.50066
3 : 30, -60, 27.60319, -3.729441, 30, -60, 19.12813, -3.729441
4 : 30, 31.68606, 30, -8.791312, 30, 18.91088, 30, -8.791312

31 Genetic : -2.508047 Moved
1 : 20.31881, -37.31389, 30, 60, 30, 23.0147, 30, 60
2 : 30, -28.65494, 30, -34.50066, 30, 22.62334, 16.52073, -34.50066
3 : 30, -60, 27.60319, -3.729441, 30, -60, 19.12813, -3.729441
4 : 30, 31.68606, 30, -8.791312, 30, 18.91088, 30, -8.791312

32 Genetic : -2.51777 Moved
1 : 20.31881, -37.31389, 30, 60, 30, 23.0147, 30, 60
2 : 30, -28.65494, 30, -34.50066, 30, 22.62334, 16.52073, -34.50066
3 : 30, -60, 27.60319, -3.729441, 30, -60, 19.12813, -3.729441
4 : 30, 31.68606, 30, -8.791312, 30, 18.91088, 30, -8.791312

