1 Genetic : 1.37407 Moved
1 : -1.781895, -60, 26.2875, 1.266805, 30, -53.96552, 30, 1.266805
2 : 18.09676, -26.22789, 30, 15.77896, 30, -42.20976, 18.07317, 15.77896
3 : 14.15256, 59.18494, 26.19483, -38.78189, 30, 1.409052, 29.29909, -38.78189
4 : 26.57206, 29.62521, 30, -26.513, 30, 9.890053, 28.79681, -26.513

2 Genetic : 1.332983 Moved
1 : -1.781895, -60, 26.2875, 1.266805, 30, -53.96552, 30, 1.266805
2 : 18.09676, -26.22789, 30, 15.77896, 30, -42.20976, 18.07317, 15.77896
3 : 14.15256, 59.18494, 26.19483, -38.78189, 30, 1.409052, 29.29909, -38.78189
4 : 26.57206, 29.62521, 30, -26.513, 30, 9.890053, 28.79681, -26.513

3 Genetic : 1.315207 Moved
1 : -1.781895, -60, 26.2875, 1.266805, 30, -53.96552, 30, 1.266805
2 : 18.09676, -26.22789, 30, 15.77896, 30, -42.20976, 18.07317, 15.77896
3 : 14.15256, 59.18494, 26.19483, -38.78189, 30, 1.409052, 29.29909, -38.78189
4 : 26.57206, 29.62521, 30, -26.513, 30, 9.890053, 28.79681, -26.513

4 Genetic : 1.226412 Moved
1 : -1.781895, -60, 26.2875, 1.266805, 30, -53.96552, 30, 1.266805
2 : 18.09676, -26.22789, 30, 15.77896, 30, -42.20976, 18.07317, 15.77896
3 : 14.15256, 59.18494, 26.19483, -38.78189, 30, 1.409052, 29.29909, -38.78189
4 : 26.57206, 29.62521, 30, -26.513, 30, 9.890053, 28.79681, -26.513

5 Genetic : 1.130531 Moved
1 : -1.781895, -60, 26.2875, 1.266805, 30, -53.96552, 30, 1.266805
2 : 18.09676, -26.22789, 30, 15.77896, 30, -42.20976, 18.07317, 15.77896
3 : 14.15256, 59.18494, 26.19483, -38.78189, 30, 1.409052, 29.29909, -38.78189
4 : 26.57206, 29.62521, 30, -26.513, 30, 9.890053, 28.79681, -26.513

6 Genetic : 0.9887912 Moved
1 : -1.781895, -60, 26.2875, 1.266805, 30, -53.96552, 30, 1.266805
2 : 18.09676, -26.22789, 30, 15.77896, 30, -42.20976, 18.07317, 15.77896
3 : 14.15256, 59.18494, 26.19483, -38.78189, 30, 1.409052, 29.29909, -38.78189
4 : 26.57206, 29.62521, 30, -26.513, 30, 9.890053, 28.79681, -26.513

7 Genetic : 0.940679 Moved
1 : -1.781895, -60, 26.2875, 1.266805, 30, -53.96552, 30, 1.266805
2 : 18.09676, -26.22789, 30, 15.77896, 30, -42.20976, 18.07317, 15.77896
3 : 14.15256, 59.18494, 26.19483, -38.78189, 30, 1.409052, 29.29909, -38.78189
4 : 26.57206, 29.62521, 30, -26.513, 30, 9.890053, 28.79681, -26.513

8 Genetic : 0.9179763 Moved
1 : -1.781895, -60, 26.2875, 1.266805, 30, -53.96552, 30, 1.266805
2 : 18.09676, -26.22789, 30, 15.77896, 30, -42.20976, 18.07317, 15.77896
3 : 14.15256, 59.18494, 26.19483, -38.78189, 30, 1.409052, 29.29909, -38.78189
4 : 26.57206, 29.62521, 30, -26.513, 30, 9.890053, 28.79681, -26.513

9 Genetic : 0.9053298 Moved
1 : -1.781895, -60, 26.2875, 1.266805, 30, -53.96552, 30, 1.266805
2 : 18.09676, -26.22789, 30, 15.77896, 30, -42.20976, 18.07317, 15.77896
3 : 14.15256, 59.18494, 26.19483, -38.78189, 30, 1.409052, 29.29909, -38.78189
4 : 26.57206, 29.62521, 30, -26.513, 30, 9.890053, 28.79681, -26.513

10 Genetic : 0.8254183 Moved
1 : -1.781895, -60, 26.2875, 1.266805, 30, -53.96552, 30, 1.266805
2 : 18.09676, -26.22789, 30, 15.77896, 30, -42.20976, 18.07317, 15.77896
3 : 14.15256, 59.18494, 26.19483, -38.78189, 30, 1.409052, 29.29909, -38.78189
4 : 26.57206, 29.62521, 30, -26.513, 30, 9.890053, 28.79681, -26.513

11 Genetic : 0.7830094 Moved
1 : -1.781895, -60, 26.2875, 1.266805, 30, -53.96552, 30, 1.266805
2 : 18.09676, -26.22789, 30, 15.77896, 30, -42.20976, 18.07317, 15.77896
3 : 14.15256, 59.18494, 26.19483, -38.78189, 30, 1.409052, 29.29909, -38.78189
4 : 26.57206, 29.62521, 30, -26.513, 30, 9.890053, 28.79681, -26.513

12 Genetic : 0.7556051 Moved
1 : -1.781895, -60, 26.2875, 1.266805, 30, -53.96552, 30, 1.266805
2 : 18.09676, -26.22789, 30, 15.77896, 30, -42.20976, 18.07317, 15.77896
3 : 14.15256, 59.18494, 26.19483, -38.78189, 30, 1.409052, 29.29909, -38.78189
4 : 26.57206, 29.62521, 30, -26.513, 30, 9.890053, 28.79681, -26.513

13 Genetic : 0.719862 Moved
1 : -1.781895, -60, 26.2875, 1.266805, 30, -53.96552, 30, 1.266805
2 : 18.09676, -26.22789, 30, 15.77896, 30, -42.20976, 18.07317, 15.77896
3 : 14.15256, 59.18494, 26.19483, -38.78189, 30, 1.409052, 29.29909, -38.78189
4 : 26.57206, 29.62521, 30, -26.513, 30, 9.890053, 28.79681, -26.513

14 Genetic : 0.6736867 Moved
1 : -1.781895, -60, 26.2875, 1.266805, 30, -53.96552, 30, 1.266805
2 : 18.09676, -26.22789, 30, 15.77896, 30, -42.20976, 18.07317, 15.77896
3 : 14.15256, 59.18494, 26.19483, -38.78189, 30, 1.409052, 29.29909, -38.78189
4 : 26.57206, 29.62521, 30, -26.513, 30, 9.890053, 28.79681, -26.513

15 Genetic : 0.6675893 Moved
1 : -1.781895, -60, 26.2875, 1.266805, 30, -53.96552, 30, 1.266805
2 : 18.09676, -26.22789, 30, 15.77896, 30, -42.20976, 18.07317, 15.77896
3 : 14.15256, 59.18494, 26.19483, -38.78189, 30, 1.409052, 29.29909, -38.78189
4 : 26.57206, 29.62521, 30, -26.513, 30, 9.890053, 28.79681, -26.513

16 Genetic : 0.6460579 Moved
1 : -1.781895, -60, 26.2875, 1.266805, 30, -53.96552, 30, 1.266805
2 : 18.09676, -26.22789, 30, 15.77896, 30, -42.20976, 18.07317, 15.77896
3 : 14.15256, 59.18494, 26.19483, -38.78189, 30, 1.409052, 29.29909, -38.78189
4 : 26.57206, 29.62521, 30, -26.513, 30, 9.890053, 28.79681, -26.513

17 Genetic : 0.615059 Moved
1 : -1.781895, -60, 26.2875, 1.266805, 30, -53.96552, 30, 1.266805
2 : 18.09676, -26.22789, 30, 15.77896, 30, -42.20976, 18.07317, 15.77896
3 : 14.15256, 59.18494, 26.19483, -38.78189, 30, 1.409052, 29.29909, -38.78189
4 : 26.57206, 29.62521, 30, -26.513, 30, 9.890053, 28.79681, -26.513

18 Genetic : 0.5994831 Moved
1 : -1.781895, -60, 26.2875, 1.266805, 30, -53.96552, 30, 1.266805
2 : 18.09676, -26.22789, 30, 15.77896, 30, -42.20976, 18.07317, 15.77896
3 : 14.15256, 59.18494, 26.19483, -38.78189, 30, 1.409052, 29.29909, -38.78189
4 : 26.57206, 29.62521, 30, -26.513, 30, 9.890053, 28.79681, -26.513

19 Genetic : 0.5665931 Moved
1 : -1.781895, -60, 26.2875, 1.266805, 30, -53.96552, 30, 1.266805
2 : 18.09676, -26.22789, 30, 15.77896, 30, -42.20976, 18.07317, 15.77896
3 : 14.15256, 59.18494, 26.19483, -38.78189, 30, 1.409052, 29.29909, -38.78189
4 : 26.57206, 29.62521, 30, -26.513, 30, 9.890053, 28.79681, -26.513

20 Genetic : 0.5594929 Moved
1 : -1.781895, -60, 26.2875, 1.266805, 30, -53.96552, 30, 1.266805
2 : 18.09676, -26.22789, 30, 15.77896, 30, -42.20976, 18.07317, 15.77896
3 : 14.15256, 59.18494, 26.19483, -38.78189, 30, 1.409052, 29.29909, -38.78189
4 : 26.57206, 29.62521, 30, -26.513, 30, 9.890053, 28.79681, -26.513

21 Genetic : 0.5590178 Moved
1 : -1.781895, -60, 26.2875, 1.266805, 30, -53.96552, 30, 1.266805
2 : 18.09676, -26.22789, 30, 15.77896, 30, -42.20976, 18.07317, 15.77896
3 : 14.15256, 59.18494, 26.19483, -38.78189, 30, 1.409052, 29.29909, -38.78189
4 : 26.57206, 29.62521, 30, -26.513, 30, 9.890053, 28.79681, -26.513

22 Genetic : 0.5462688 Moved
1 : -1.781895, -60, 26.2875, 1.266805, 30, -53.96552, 30, 1.266805
2 : 18.09676, -26.22789, 30, 15.77896, 30, -42.20976, 18.07317, 15.77896
3 : 14.15256, 59.18494, 26.19483, -38.78189, 30, 1.409052, 29.29909, -38.78189
4 : 26.57206, 29.62521, 30, -26.513, 30, 9.890053, 28.79681, -26.513

23 Genetic : 0.5446999 Moved
1 : -1.781895, -60, 26.2875, 1.266805, 30, -53.96552, 30, 1.266805
2 : 18.09676, -26.22789, 30, 15.77896, 30, -42.20976, 18.07317, 15.77896
3 : 14.15256, 59.18494, 26.19483, -38.78189, 30, 1.409052, 29.29909, -38.78189
4 : 26.57206, 29.62521, 30, -26.513, 30, 9.890053, 28.79681, -26.513

24 Genetic : 0.5337101 Moved
1 : -1.781895, -60, 26.2875, 1.266805, 30, -53.96552, 30, 1.266805
2 : 18.09676, -26.22789, 30, 15.77896, 30, -42.20976, 18.07317, 15.77896
3 : 14.15256, 59.18494, 26.19483, -38.78189, 30, 1.409052, 29.29909, -38.78189
4 : 26.57206, 29.62521, 30, -26.513, 30, 9.890053, 28.79681, -26.513

25 Genetic : 0.5056908 Moved
1 : -1.781895, -60, 26.2875, 1.266805, 30, -53.96552, 30, 1.266805
2 : 18.09676, -26.22789, 30, 15.77896, 30, -42.20976, 18.07317, 15.77896
3 : 14.15256, 59.18494, 26.19483, -38.78189, 30, 1.409052, 29.29909, -38.78189
4 : 26.57206, 29.62521, 30, -26.513, 30, 9.890053, 28.79681, -26.513

26 Genetic : 0.470041 Moved
1 : -1.781895, -60, 26.2875, 1.266805, 30, -53.96552, 30, 1.266805
2 : 18.09676, -26.22789, 30, 15.77896, 30, -42.20976, 18.07317, 15.77896
3 : 14.15256, 59.18494, 26.19483, -38.78189, 30, 1.409052, 29.29909, -38.78189
4 : 26.57206, 29.62521, 30, -26.513, 30, 9.890053, 28.79681, -26.513

27 Genetic : 0.4635772 Moved
1 : -1.781895, -60, 26.2875, 1.266805, 30, -53.96552, 30, 1.266805
2 : 18.09676, -26.22789, 30, 15.77896, 30, -42.20976, 18.07317, 15.77896
3 : 14.15256, 59.18494, 26.19483, -38.78189, 30, 1.409052, 29.29909, -38.78189
4 : 26.57206, 29.62521, 30, -26.513, 30, 9.890053, 28.79681, -26.513

28 Genetic : 0.4180489 Moved
1 : -1.781895, -60, 26.2875, 1.266805, 30, -53.96552, 30, 1.266805
2 : 18.09676, -26.22789, 30, 15.77896, 30, -42.20976, 18.07317, 15.77896
3 : 14.15256, 59.18494, 26.19483, -38.78189, 30, 1.409052, 29.29909, -38.78189
4 : 26.57206, 29.62521, 30, -26.513, 30, 9.890053, 28.79681, -26.513

29 Genetic : 0.4111637 Moved
1 : -1.781895, -60, 26.2875, 1.266805, 30, -53.96552, 30, 1.266805
2 : 18.09676, -26.22789, 30, 15.77896, 30, -42.20976, 18.07317, 15.77896
3 : 14.15256, 59.18494, 26.19483, -38.78189, 30, 1.409052, 29.29909, -38.78189
4 : 26.57206, 29.62521, 30, -26.513, 30, 9.890053, 28.79681, -26.513

30 Genetic : 0.3256736 Moved
1 : -1.781895, -60, 26.2875, 1.266805, 30, -53.96552, 30, 1.266805
2 : 18.09676, -26.22789, 30, 15.77896, 30, -42.20976, 18.07317, 15.77896
3 : 14.15256, 59.18494, 26.19483, -38.78189, 30, 1.409052, 29.29909, -38.78189
4 : 26.57206, 29.62521, 30, -26.513, 30, 9.890053, 28.79681, -26.513

31 Genetic : 0.3035026 Moved
1 : -1.781895, -60, 26.2875, 1.266805, 30, -53.96552, 30, 1.266805
2 : 18.09676, -26.22789, 30, 15.77896, 30, -42.20976, 18.07317, 15.77896
3 : 14.15256, 59.18494, 26.19483, -38.78189, 30, 1.409052, 29.29909, -38.78189
4 : 26.57206, 29.62521, 30, -26.513, 30, 9.890053, 28.79681, -26.513

32 Genetic : 0.2987937 Moved
1 : -1.781895, -60, 26.2875, 1.266805, 30, -53.96552, 30, 1.266805
2 : 18.09676, -26.22789, 30, 15.77896, 30, -42.20976, 18.07317, 15.77896
3 : 14.15256, 59.18494, 26.19483, -38.78189, 30, 1.409052, 29.29909, -38.78189
4 : 26.57206, 29.62521, 30, -26.513, 30, 9.890053, 28.79681, -26.513

