1 Genetic : -0.09987706 Moved
1 : 30, 20.5216, 30, 60, 29.16784, 18.96545, 30, 60
2 : 30, 53.22334, 30, 27.03824, 28.37742, 6.532867, 20.10268, 27.03824
3 : 30, -37.4566, 27.49242, -53.4188, 30, -23.55692, 30, -53.4188
4 : 30, 7.409574, 28.31581, -22.66755, 30, 40.41556, 30, -22.66755

2 Genetic : -0.3285751 Moved
1 : 30, 20.5216, 30, 60, 29.16784, 18.96545, 30, 60
2 : 30, 53.22334, 30, 27.03824, 28.37742, 6.532867, 20.10268, 27.03824
3 : 30, -37.4566, 27.49242, -53.4188, 30, -23.55692, 30, -53.4188
4 : 30, 7.409574, 28.31581, -22.66755, 30, 40.41556, 30, -22.66755

3 Genetic : -0.3743469 Moved
1 : 30, 20.5216, 30, 60, 29.16784, 18.96545, 30, 60
2 : 30, 53.22334, 30, 27.03824, 28.37742, 6.532867, 20.10268, 27.03824
3 : 30, -37.4566, 27.49242, -53.4188, 30, -23.55692, 30, -53.4188
4 : 30, 7.409574, 28.31581, -22.66755, 30, 40.41556, 30, -22.66755

4 Genetic : -0.6173018 Moved
1 : 30, 20.5216, 30, 60, 29.16784, 18.96545, 30, 60
2 : 30, 53.22334, 30, 27.03824, 28.37742, 6.532867, 20.10268, 27.03824
3 : 30, -37.4566, 27.49242, -53.4188, 30, -23.55692, 30, -53.4188
4 : 30, 7.409574, 28.31581, -22.66755, 30, 40.41556, 30, -22.66755

5 Genetic : -0.6891773 Moved
1 : 30, 20.5216, 30, 60, 29.16784, 18.96545, 30, 60
2 : 30, 53.22334, 30, 27.03824, 28.37742, 6.532867, 20.10268, 27.03824
3 : 30, -37.4566, 27.49242, -53.4188, 30, -23.55692, 30, -53.4188
4 : 30, 7.409574, 28.31581, -22.66755, 30, 40.41556, 30, -22.66755

6 Genetic : -0.7381996 Moved
1 : 30, 20.5216, 30, 60, 29.16784, 18.96545, 30, 60
2 : 30, 53.22334, 30, 27.03824, 28.37742, 6.532867, 20.10268, 27.03824
3 : 30, -37.4566, 27.49242, -53.4188, 30, -23.55692, 30, -53.4188
4 : 30, 7.409574, 28.31581, -22.66755, 30, 40.41556, 30, -22.66755

7 Genetic : -0.7382458 Moved
1 : 30, 20.5216, 30, 60, 29.16784, 18.96545, 30, 60
2 : 30, 53.22334, 30, 27.03824, 28.37742, 6.532867, 20.10268, 27.03824
3 : 30, -37.4566, 27.49242, -53.4188, 30, -23.55692, 30, -53.4188
4 : 30, 7.409574, 28.31581, -22.66755, 30, 40.41556, 30, -22.66755

8 Genetic : -0.814135 Moved
1 : 30, 20.5216, 30, 60, 29.16784, 18.96545, 30, 60
2 : 30, 53.22334, 30, 27.03824, 28.37742, 6.532867, 20.10268, 27.03824
3 : 30, -37.4566, 27.49242, -53.4188, 30, -23.55692, 30, -53.4188
4 : 30, 7.409574, 28.31581, -22.66755, 30, 40.41556, 30, -22.66755

9 Genetic : -0.8625004 Moved
1 : 30, 20.5216, 30, 60, 29.16784, 18.96545, 30, 60
2 : 30, 53.22334, 30, 27.03824, 28.37742, 6.532867, 20.10268, 27.03824
3 : 30, -37.4566, 27.49242, -53.4188, 30, -23.55692, 30, -53.4188
4 : 30, 7.409574, 28.31581, -22.66755, 30, 40.41556, 30, -22.66755

10 Genetic : -0.8853148 Moved
1 : 30, 20.5216, 30, 60, 29.16784, 18.96545, 30, 60
2 : 30, 53.22334, 30, 27.03824, 28.37742, 6.532867, 20.10268, 27.03824
3 : 30, -37.4566, 27.49242, -53.4188, 30, -23.55692, 30, -53.4188
4 : 30, 7.409574, 28.31581, -22.66755, 30, 40.41556, 30, -22.66755

11 Genetic : -0.885417 Moved
1 : 30, 20.5216, 30, 60, 29.16784, 18.96545, 30, 60
2 : 30, 53.22334, 30, 27.03824, 28.37742, 6.532867, 20.10268, 27.03824
3 : 30, -37.4566, 27.49242, -53.4188, 30, -23.55692, 30, -53.4188
4 : 30, 7.409574, 28.31581, -22.66755, 30, 40.41556, 30, -22.66755

12 Genetic : -0.9226259 Moved
1 : 30, 20.5216, 30, 60, 29.16784, 18.96545, 30, 60
2 : 30, 53.22334, 30, 27.03824, 28.37742, 6.532867, 20.10268, 27.03824
3 : 30, -37.4566, 27.49242, -53.4188, 30, -23.55692, 30, -53.4188
4 : 30, 7.409574, 28.31581, -22.66755, 30, 40.41556, 30, -22.66755

13 Genetic : -0.9425158 Moved
1 : 30, 20.5216, 30, 60, 29.16784, 18.96545, 30, 60
2 : 30, 53.22334, 30, 27.03824, 28.37742, 6.532867, 20.10268, 27.03824
3 : 30, -37.4566, 27.49242, -53.4188, 30, -23.55692, 30, -53.4188
4 : 30, 7.409574, 28.31581, -22.66755, 30, 40.41556, 30, -22.66755

14 Genetic : -1.032749 Moved
1 : 30, 20.5216, 30, 60, 29.16784, 18.96545, 30, 60
2 : 30, 53.22334, 30, 27.03824, 28.37742, 6.532867, 20.10268, 27.03824
3 : 30, -37.4566, 27.49242, -53.4188, 30, -23.55692, 30, -53.4188
4 : 30, 7.409574, 28.31581, -22.66755, 30, 40.41556, 30, -22.66755

15 Genetic : -1.039009 Moved
1 : 30, 20.5216, 30, 60, 29.16784, 18.96545, 30, 60
2 : 30, 53.22334, 30, 27.03824, 28.37742, 6.532867, 20.10268, 27.03824
3 : 30, -37.4566, 27.49242, -53.4188, 30, -23.55692, 30, -53.4188
4 : 30, 7.409574, 28.31581, -22.66755, 30, 40.41556, 30, -22.66755

16 Genetic : -1.139551 Moved
1 : 30, 20.5216, 30, 60, 29.16784, 18.96545, 30, 60
2 : 30, 53.22334, 30, 27.03824, 28.37742, 6.532867, 20.10268, 27.03824
3 : 30, -37.4566, 27.49242, -53.4188, 30, -23.55692, 30, -53.4188
4 : 30, 7.409574, 28.31581, -22.66755, 30, 40.41556, 30, -22.66755

17 Genetic : -1.170399 Moved
1 : 30, 20.5216, 30, 60, 29.16784, 18.96545, 30, 60
2 : 30, 53.22334, 30, 27.03824, 28.37742, 6.532867, 20.10268, 27.03824
3 : 30, -37.4566, 27.49242, -53.4188, 30, -23.55692, 30, -53.4188
4 : 30, 7.409574, 28.31581, -22.66755, 30, 40.41556, 30, -22.66755

18 Genetic : -1.211063 Moved
1 : 30, 20.5216, 30, 60, 29.16784, 18.96545, 30, 60
2 : 30, 53.22334, 30, 27.03824, 28.37742, 6.532867, 20.10268, 27.03824
3 : 30, -37.4566, 27.49242, -53.4188, 30, -23.55692, 30, -53.4188
4 : 30, 7.409574, 28.31581, -22.66755, 30, 40.41556, 30, -22.66755

19 Genetic : -1.250564 Moved
1 : 30, 20.5216, 30, 60, 29.16784, 18.96545, 30, 60
2 : 30, 53.22334, 30, 27.03824, 28.37742, 6.532867, 20.10268, 27.03824
3 : 30, -37.4566, 27.49242, -53.4188, 30, -23.55692, 30, -53.4188
4 : 30, 7.409574, 28.31581, -22.66755, 30, 40.41556, 30, -22.66755

20 Genetic : -1.25709 Moved
1 : 30, 20.5216, 30, 60, 29.16784, 18.96545, 30, 60
2 : 30, 53.22334, 30, 27.03824, 28.37742, 6.532867, 20.10268, 27.03824
3 : 30, -37.4566, 27.49242, -53.4188, 30, -23.55692, 30, -53.4188
4 : 30, 7.409574, 28.31581, -22.66755, 30, 40.41556, 30, -22.66755

21 Genetic : -1.26164 Moved
1 : 30, 20.5216, 30, 60, 29.16784, 18.96545, 30, 60
2 : 30, 53.22334, 30, 27.03824, 28.37742, 6.532867, 20.10268, 27.03824
3 : 30, -37.4566, 27.49242, -53.4188, 30, -23.55692, 30, -53.4188
4 : 30, 7.409574, 28.31581, -22.66755, 30, 40.41556, 30, -22.66755

22 Genetic : -1.275837 Moved
1 : 30, 20.5216, 30, 60, 29.16784, 18.96545, 30, 60
2 : 30, 53.22334, 30, 27.03824, 28.37742, 6.532867, 20.10268, 27.03824
3 : 30, -37.4566, 27.49242, -53.4188, 30, -23.55692, 30, -53.4188
4 : 30, 7.409574, 28.31581, -22.66755, 30, 40.41556, 30, -22.66755

23 Genetic : -1.307666 Moved
1 : 30, 20.5216, 30, 60, 29.16784, 18.96545, 30, 60
2 : 30, 53.22334, 30, 27.03824, 28.37742, 6.532867, 20.10268, 27.03824
3 : 30, -37.4566, 27.49242, -53.4188, 30, -23.55692, 30, -53.4188
4 : 30, 7.409574, 28.31581, -22.66755, 30, 40.41556, 30, -22.66755

24 Genetic : -1.329437 Moved
1 : 30, 20.5216, 30, 60, 29.16784, 18.96545, 30, 60
2 : 30, 53.22334, 30, 27.03824, 28.37742, 6.532867, 20.10268, 27.03824
3 : 30, -37.4566, 27.49242, -53.4188, 30, -23.55692, 30, -53.4188
4 : 30, 7.409574, 28.31581, -22.66755, 30, 40.41556, 30, -22.66755

25 Genetic : -1.387199 Moved
1 : 30, 20.5216, 30, 60, 29.16784, 18.96545, 30, 60
2 : 30, 53.22334, 30, 27.03824, 28.37742, 6.532867, 20.10268, 27.03824
3 : 30, -37.4566, 27.49242, -53.4188, 30, -23.55692, 30, -53.4188
4 : 30, 7.409574, 28.31581, -22.66755, 30, 40.41556, 30, -22.66755

26 Genetic : -1.390497 Moved
1 : 30, 20.5216, 30, 60, 29.16784, 18.96545, 30, 60
2 : 30, 53.22334, 30, 27.03824, 28.37742, 6.532867, 20.10268, 27.03824
3 : 30, -37.4566, 27.49242, -53.4188, 30, -23.55692, 30, -53.4188
4 : 30, 7.409574, 28.31581, -22.66755, 30, 40.41556, 30, -22.66755

27 Genetic : -1.412971 Moved
1 : 30, 20.5216, 30, 60, 29.16784, 18.96545, 30, 60
2 : 30, 53.22334, 30, 27.03824, 28.37742, 6.532867, 20.10268, 27.03824
3 : 30, -37.4566, 27.49242, -53.4188, 30, -23.55692, 30, -53.4188
4 : 30, 7.409574, 28.31581, -22.66755, 30, 40.41556, 30, -22.66755

28 Genetic : -1.454296 Moved
1 : 30, 20.5216, 30, 60, 29.16784, 18.96545, 30, 60
2 : 30, 53.22334, 30, 27.03824, 28.37742, 6.532867, 20.10268, 27.03824
3 : 30, -37.4566, 27.49242, -53.4188, 30, -23.55692, 30, -53.4188
4 : 30, 7.409574, 28.31581, -22.66755, 30, 40.41556, 30, -22.66755

29 Genetic : -1.461532 Moved
1 : 30, 20.5216, 30, 60, 29.16784, 18.96545, 30, 60
2 : 30, 53.22334, 30, 27.03824, 28.37742, 6.532867, 20.10268, 27.03824
3 : 30, -37.4566, 27.49242, -53.4188, 30, -23.55692, 30, -53.4188
4 : 30, 7.409574, 28.31581, -22.66755, 30, 40.41556, 30, -22.66755

30 Genetic : -1.486596 Moved
1 : 30, 20.5216, 30, 60, 29.16784, 18.96545, 30, 60
2 : 30, 53.22334, 30, 27.03824, 28.37742, 6.532867, 20.10268, 27.03824
3 : 30, -37.4566, 27.49242, -53.4188, 30, -23.55692, 30, -53.4188
4 : 30, 7.409574, 28.31581, -22.66755, 30, 40.41556, 30, -22.66755

31 Genetic : -1.487381 Moved
1 : 30, 20.5216, 30, 60, 29.16784, 18.96545, 30, 60
2 : 30, 53.22334, 30, 27.03824, 28.37742, 6.532867, 20.10268, 27.03824
3 : 30, -37.4566, 27.49242, -53.4188, 30, -23.55692, 30, -53.4188
4 : 30, 7.409574, 28.31581, -22.66755, 30, 40.41556, 30, -22.66755

32 Genetic : -1.521219 Moved
1 : 30, 20.5216, 30, 60, 29.16784, 18.96545, 30, 60
2 : 30, 53.22334, 30, 27.03824, 28.37742, 6.532867, 20.10268, 27.03824
3 : 30, -37.4566, 27.49242, -53.4188, 30, -23.55692, 30, -53.4188
4 : 30, 7.409574, 28.31581, -22.66755, 30, 40.41556, 30, -22.66755

