1 Genetic : -0.7594126 Moved
1 : 30, 20.5216, 30, 60, 29.16784, 18.96545, 30, 60
2 : 30, 53.22334, 30, 27.03824, 28.37742, 6.532867, 20.10268, 27.03824
3 : 30, -37.4566, 27.49242, -53.4188, 30, -23.55692, 30, -53.4188
4 : 30, 7.409574, 28.31581, -22.66755, 30, 40.41556, 30, -22.66755

2 Genetic : -0.7614843 Moved
1 : 30, 20.5216, 30, 60, 29.16784, 18.96545, 30, 60
2 : 30, 53.22334, 30, 27.03824, 28.37742, 6.532867, 20.10268, 27.03824
3 : 30, -37.4566, 27.49242, -53.4188, 30, -23.55692, 30, -53.4188
4 : 30, 7.409574, 28.31581, -22.66755, 30, 40.41556, 30, -22.66755

3 Genetic : -0.8017336 Moved
1 : 30, 20.5216, 30, 60, 29.16784, 18.96545, 30, 60
2 : 30, 53.22334, 30, 27.03824, 28.37742, 6.532867, 20.10268, 27.03824
3 : 30, -37.4566, 27.49242, -53.4188, 30, -23.55692, 30, -53.4188
4 : 30, 7.409574, 28.31581, -22.66755, 30, 40.41556, 30, -22.66755

4 Genetic : -0.9003892 Moved
1 : 30, 20.5216, 30, 60, 29.16784, 18.96545, 30, 60
2 : 30, 53.22334, 30, 27.03824, 28.37742, 6.532867, 20.10268, 27.03824
3 : 30, -37.4566, 27.49242, -53.4188, 30, -23.55692, 30, -53.4188
4 : 30, 7.409574, 28.31581, -22.66755, 30, 40.41556, 30, -22.66755

5 Genetic : -0.9798201 Moved
1 : 30, 20.5216, 30, 60, 29.16784, 18.96545, 30, 60
2 : 30, 53.22334, 30, 27.03824, 28.37742, 6.532867, 20.10268, 27.03824
3 : 30, -37.4566, 27.49242, -53.4188, 30, -23.55692, 30, -53.4188
4 : 30, 7.409574, 28.31581, -22.66755, 30, 40.41556, 30, -22.66755

6 Genetic : -0.9848546 Moved
1 : 30, 20.5216, 30, 60, 29.16784, 18.96545, 30, 60
2 : 30, 53.22334, 30, 27.03824, 28.37742, 6.532867, 20.10268, 27.03824
3 : 30, -37.4566, 27.49242, -53.4188, 30, -23.55692, 30, -53.4188
4 : 30, 7.409574, 28.31581, -22.66755, 30, 40.41556, 30, -22.66755

7 Genetic : -0.9938309 Moved
1 : 30, 20.5216, 30, 60, 29.16784, 18.96545, 30, 60
2 : 30, 53.22334, 30, 27.03824, 28.37742, 6.532867, 20.10268, 27.03824
3 : 30, -37.4566, 27.49242, -53.4188, 30, -23.55692, 30, -53.4188
4 : 30, 7.409574, 28.31581, -22.66755, 30, 40.41556, 30, -22.66755

8 Genetic : -0.99895 Moved
1 : 30, 20.5216, 30, 60, 29.16784, 18.96545, 30, 60
2 : 30, 53.22334, 30, 27.03824, 28.37742, 6.532867, 20.10268, 27.03824
3 : 30, -37.4566, 27.49242, -53.4188, 30, -23.55692, 30, -53.4188
4 : 30, 7.409574, 28.31581, -22.66755, 30, 40.41556, 30, -22.66755

9 Genetic : -1.049408 Moved
1 : 30, 20.5216, 30, 60, 29.16784, 18.96545, 30, 60
2 : 30, 53.22334, 30, 27.03824, 28.37742, 6.532867, 20.10268, 27.03824
3 : 30, -37.4566, 27.49242, -53.4188, 30, -23.55692, 30, -53.4188
4 : 30, 7.409574, 28.31581, -22.66755, 30, 40.41556, 30, -22.66755

10 Genetic : -1.052125 Moved
1 : 30, 20.5216, 30, 60, 29.16784, 18.96545, 30, 60
2 : 30, 53.22334, 30, 27.03824, 28.37742, 6.532867, 20.10268, 27.03824
3 : 30, -37.4566, 27.49242, -53.4188, 30, -23.55692, 30, -53.4188
4 : 30, 7.409574, 28.31581, -22.66755, 30, 40.41556, 30, -22.66755

11 Genetic : -1.08266 Moved
1 : 30, 20.5216, 30, 60, 29.16784, 18.96545, 30, 60
2 : 30, 53.22334, 30, 27.03824, 28.37742, 6.532867, 20.10268, 27.03824
3 : 30, -37.4566, 27.49242, -53.4188, 30, -23.55692, 30, -53.4188
4 : 30, 7.409574, 28.31581, -22.66755, 30, 40.41556, 30, -22.66755

12 Genetic : -1.089057 Moved
1 : 30, 20.5216, 30, 60, 29.16784, 18.96545, 30, 60
2 : 30, 53.22334, 30, 27.03824, 28.37742, 6.532867, 20.10268, 27.03824
3 : 30, -37.4566, 27.49242, -53.4188, 30, -23.55692, 30, -53.4188
4 : 30, 7.409574, 28.31581, -22.66755, 30, 40.41556, 30, -22.66755

13 Genetic : -1.115653 Moved
1 : 30, 20.5216, 30, 60, 29.16784, 18.96545, 30, 60
2 : 30, 53.22334, 30, 27.03824, 28.37742, 6.532867, 20.10268, 27.03824
3 : 30, -37.4566, 27.49242, -53.4188, 30, -23.55692, 30, -53.4188
4 : 30, 7.409574, 28.31581, -22.66755, 30, 40.41556, 30, -22.66755

14 Genetic : -1.139004 Moved
1 : 30, 20.5216, 30, 60, 29.16784, 18.96545, 30, 60
2 : 30, 53.22334, 30, 27.03824, 28.37742, 6.532867, 20.10268, 27.03824
3 : 30, -37.4566, 27.49242, -53.4188, 30, -23.55692, 30, -53.4188
4 : 30, 7.409574, 28.31581, -22.66755, 30, 40.41556, 30, -22.66755

15 Genetic : -1.140593 Moved
1 : 30, 20.5216, 30, 60, 29.16784, 18.96545, 30, 60
2 : 30, 53.22334, 30, 27.03824, 28.37742, 6.532867, 20.10268, 27.03824
3 : 30, -37.4566, 27.49242, -53.4188, 30, -23.55692, 30, -53.4188
4 : 30, 7.409574, 28.31581, -22.66755, 30, 40.41556, 30, -22.66755

16 Genetic : -1.163348 Moved
1 : 30, 20.5216, 30, 60, 29.16784, 18.96545, 30, 60
2 : 30, 53.22334, 30, 27.03824, 28.37742, 6.532867, 20.10268, 27.03824
3 : 30, -37.4566, 27.49242, -53.4188, 30, -23.55692, 30, -53.4188
4 : 30, 7.409574, 28.31581, -22.66755, 30, 40.41556, 30, -22.66755

17 Genetic : -1.185662 Moved
1 : 30, 20.5216, 30, 60, 29.16784, 18.96545, 30, 60
2 : 30, 53.22334, 30, 27.03824, 28.37742, 6.532867, 20.10268, 27.03824
3 : 30, -37.4566, 27.49242, -53.4188, 30, -23.55692, 30, -53.4188
4 : 30, 7.409574, 28.31581, -22.66755, 30, 40.41556, 30, -22.66755

18 Genetic : -1.194313 Moved
1 : 30, 20.5216, 30, 60, 29.16784, 18.96545, 30, 60
2 : 30, 53.22334, 30, 27.03824, 28.37742, 6.532867, 20.10268, 27.03824
3 : 30, -37.4566, 27.49242, -53.4188, 30, -23.55692, 30, -53.4188
4 : 30, 7.409574, 28.31581, -22.66755, 30, 40.41556, 30, -22.66755

19 Genetic : -1.197156 Moved
1 : 30, 20.5216, 30, 60, 29.16784, 18.96545, 30, 60
2 : 30, 53.22334, 30, 27.03824, 28.37742, 6.532867, 20.10268, 27.03824
3 : 30, -37.4566, 27.49242, -53.4188, 30, -23.55692, 30, -53.4188
4 : 30, 7.409574, 28.31581, -22.66755, 30, 40.41556, 30, -22.66755

20 Genetic : -1.20598 Moved
1 : 30, 20.5216, 30, 60, 29.16784, 18.96545, 30, 60
2 : 30, 53.22334, 30, 27.03824, 28.37742, 6.532867, 20.10268, 27.03824
3 : 30, -37.4566, 27.49242, -53.4188, 30, -23.55692, 30, -53.4188
4 : 30, 7.409574, 28.31581, -22.66755, 30, 40.41556, 30, -22.66755

21 Genetic : -1.219688 Moved
1 : 30, 20.5216, 30, 60, 29.16784, 18.96545, 30, 60
2 : 30, 53.22334, 30, 27.03824, 28.37742, 6.532867, 20.10268, 27.03824
3 : 30, -37.4566, 27.49242, -53.4188, 30, -23.55692, 30, -53.4188
4 : 30, 7.409574, 28.31581, -22.66755, 30, 40.41556, 30, -22.66755

22 Genetic : -1.235695 Moved
1 : 30, 20.5216, 30, 60, 29.16784, 18.96545, 30, 60
2 : 30, 53.22334, 30, 27.03824, 28.37742, 6.532867, 20.10268, 27.03824
3 : 30, -37.4566, 27.49242, -53.4188, 30, -23.55692, 30, -53.4188
4 : 30, 7.409574, 28.31581, -22.66755, 30, 40.41556, 30, -22.66755

23 Genetic : -1.24666 Moved
1 : 30, 20.5216, 30, 60, 29.16784, 18.96545, 30, 60
2 : 30, 53.22334, 30, 27.03824, 28.37742, 6.532867, 20.10268, 27.03824
3 : 30, -37.4566, 27.49242, -53.4188, 30, -23.55692, 30, -53.4188
4 : 30, 7.409574, 28.31581, -22.66755, 30, 40.41556, 30, -22.66755

24 Genetic : -1.25574 Moved
1 : 30, 20.5216, 30, 60, 29.16784, 18.96545, 30, 60
2 : 30, 53.22334, 30, 27.03824, 28.37742, 6.532867, 20.10268, 27.03824
3 : 30, -37.4566, 27.49242, -53.4188, 30, -23.55692, 30, -53.4188
4 : 30, 7.409574, 28.31581, -22.66755, 30, 40.41556, 30, -22.66755

25 Genetic : -1.268271 Moved
1 : 30, 20.5216, 30, 60, 29.16784, 18.96545, 30, 60
2 : 30, 53.22334, 30, 27.03824, 28.37742, 6.532867, 20.10268, 27.03824
3 : 30, -37.4566, 27.49242, -53.4188, 30, -23.55692, 30, -53.4188
4 : 30, 7.409574, 28.31581, -22.66755, 30, 40.41556, 30, -22.66755

26 Genetic : -1.286114 Moved
1 : 30, 20.5216, 30, 60, 29.16784, 18.96545, 30, 60
2 : 30, 53.22334, 30, 27.03824, 28.37742, 6.532867, 20.10268, 27.03824
3 : 30, -37.4566, 27.49242, -53.4188, 30, -23.55692, 30, -53.4188
4 : 30, 7.409574, 28.31581, -22.66755, 30, 40.41556, 30, -22.66755

27 Genetic : -1.289387 Moved
1 : 30, 20.5216, 30, 60, 29.16784, 18.96545, 30, 60
2 : 30, 53.22334, 30, 27.03824, 28.37742, 6.532867, 20.10268, 27.03824
3 : 30, -37.4566, 27.49242, -53.4188, 30, -23.55692, 30, -53.4188
4 : 30, 7.409574, 28.31581, -22.66755, 30, 40.41556, 30, -22.66755

28 Genetic : -1.296021 Moved
1 : 30, 20.5216, 30, 60, 29.16784, 18.96545, 30, 60
2 : 30, 53.22334, 30, 27.03824, 28.37742, 6.532867, 20.10268, 27.03824
3 : 30, -37.4566, 27.49242, -53.4188, 30, -23.55692, 30, -53.4188
4 : 30, 7.409574, 28.31581, -22.66755, 30, 40.41556, 30, -22.66755

29 Genetic : -1.296774 Moved
1 : 30, 20.5216, 30, 60, 29.16784, 18.96545, 30, 60
2 : 30, 53.22334, 30, 27.03824, 28.37742, 6.532867, 20.10268, 27.03824
3 : 30, -37.4566, 27.49242, -53.4188, 30, -23.55692, 30, -53.4188
4 : 30, 7.409574, 28.31581, -22.66755, 30, 40.41556, 30, -22.66755

30 Genetic : -1.32106 Moved
1 : 30, 20.5216, 30, 60, 29.16784, 18.96545, 30, 60
2 : 30, 53.22334, 30, 27.03824, 28.37742, 6.532867, 20.10268, 27.03824
3 : 30, -37.4566, 27.49242, -53.4188, 30, -23.55692, 30, -53.4188
4 : 30, 7.409574, 28.31581, -22.66755, 30, 40.41556, 30, -22.66755

31 Genetic : -1.321089 Moved
1 : 30, 20.5216, 30, 60, 29.16784, 18.96545, 30, 60
2 : 30, 53.22334, 30, 27.03824, 28.37742, 6.532867, 20.10268, 27.03824
3 : 30, -37.4566, 27.49242, -53.4188, 30, -23.55692, 30, -53.4188
4 : 30, 7.409574, 28.31581, -22.66755, 30, 40.41556, 30, -22.66755

32 Genetic : -1.337215 Moved
1 : 30, 20.5216, 30, 60, 29.16784, 18.96545, 30, 60
2 : 30, 53.22334, 30, 27.03824, 28.37742, 6.532867, 20.10268, 27.03824
3 : 30, -37.4566, 27.49242, -53.4188, 30, -23.55692, 30, -53.4188
4 : 30, 7.409574, 28.31581, -22.66755, 30, 40.41556, 30, -22.66755

