1 Genetic : 15.43168 Moved
1 : 7.721333, 12.95508, 7.550085, -10.28468, -12.99356, -8.023733, -8.534025, -10.28468
2 : 11.15513, -36.32188, -1.985849, -28.08614, 26.39295, -20.29288, -9.46811, -28.08614
3 : 22.96509, 23.75526, 24.74253, -15.21237, 9.808382, -36.45029, -14.91041, -15.21237
4 : 28.61147, -38.15453, 21.54884, 10.80915, 21.98052, 45.61263, 7.496328, 10.80915

2 Genetic : 14.85669 Moved
1 : 7.721333, 12.95508, 7.550085, -10.28468, -12.99356, -8.023733, -8.534025, -10.28468
2 : 11.15513, -36.32188, -1.985849, -28.08614, 26.39295, -20.29288, -9.46811, -28.08614
3 : 22.96509, 23.75526, 24.74253, -15.21237, 9.808382, -36.45029, -14.91041, -15.21237
4 : 28.61147, -38.15453, 21.54884, 10.80915, 21.98052, 45.61263, 7.496328, 10.80915

3 Genetic : 14.52813 Moved
1 : 7.721333, 12.95508, 7.550085, -10.28468, -12.99356, -8.023733, -8.534025, -10.28468
2 : 11.15513, -36.32188, -1.985849, -28.08614, 26.39295, -20.29288, -9.46811, -28.08614
3 : 22.96509, 23.75526, 24.74253, -15.21237, 9.808382, -36.45029, -14.91041, -15.21237
4 : 28.61147, -38.15453, 21.54884, 10.80915, 21.98052, 45.61263, 7.496328, 10.80915

4 Genetic : 14.32238 Moved
1 : 7.721333, 12.95508, 7.550085, -10.28468, -12.99356, -8.023733, -8.534025, -10.28468
2 : 11.15513, -36.32188, -1.985849, -28.08614, 26.39295, -20.29288, -9.46811, -28.08614
3 : 22.96509, 23.75526, 24.74253, -15.21237, 9.808382, -36.45029, -14.91041, -15.21237
4 : 28.61147, -38.15453, 21.54884, 10.80915, 21.98052, 45.61263, 7.496328, 10.80915

5 Genetic : 14.0561 Moved
1 : 7.721333, 12.95508, 7.550085, -10.28468, -12.99356, -8.023733, -8.534025, -10.28468
2 : 11.15513, -36.32188, -1.985849, -28.08614, 26.39295, -20.29288, -9.46811, -28.08614
3 : 22.96509, 23.75526, 24.74253, -15.21237, 9.808382, -36.45029, -14.91041, -15.21237
4 : 28.61147, -38.15453, 21.54884, 10.80915, 21.98052, 45.61263, 7.496328, 10.80915

6 Genetic : 14.0558 Moved
1 : 7.721333, 12.95508, 7.550085, -10.28468, -12.99356, -8.023733, -8.534025, -10.28468
2 : 11.15513, -36.32188, -1.985849, -28.08614, 26.39295, -20.29288, -9.46811, -28.08614
3 : 22.96509, 23.75526, 24.74253, -15.21237, 9.808382, -36.45029, -14.91041, -15.21237
4 : 28.61147, -38.15453, 21.54884, 10.80915, 21.98052, 45.61263, 7.496328, 10.80915

7 Genetic : 13.99963 Moved
1 : 7.721333, 12.95508, 7.550085, -10.28468, -12.99356, -8.023733, -8.534025, -10.28468
2 : 11.15513, -36.32188, -1.985849, -28.08614, 26.39295, -20.29288, -9.46811, -28.08614
3 : 22.96509, 23.75526, 24.74253, -15.21237, 9.808382, -36.45029, -14.91041, -15.21237
4 : 28.61147, -38.15453, 21.54884, 10.80915, 21.98052, 45.61263, 7.496328, 10.80915

8 Genetic : 13.90403 Moved
1 : 7.721333, 12.95508, 7.550085, -10.28468, -12.99356, -8.023733, -8.534025, -10.28468
2 : 11.15513, -36.32188, -1.985849, -28.08614, 26.39295, -20.29288, -9.46811, -28.08614
3 : 22.96509, 23.75526, 24.74253, -15.21237, 9.808382, -36.45029, -14.91041, -15.21237
4 : 28.61147, -38.15453, 21.54884, 10.80915, 21.98052, 45.61263, 7.496328, 10.80915

9 Genetic : 13.89967 Moved
1 : 7.721333, 12.95508, 7.550085, -10.28468, -12.99356, -8.023733, -8.534025, -10.28468
2 : 11.15513, -36.32188, -1.985849, -28.08614, 26.39295, -20.29288, -9.46811, -28.08614
3 : 22.96509, 23.75526, 24.74253, -15.21237, 9.808382, -36.45029, -14.91041, -15.21237
4 : 28.61147, -38.15453, 21.54884, 10.80915, 21.98052, 45.61263, 7.496328, 10.80915

10 Genetic : 13.68275 Moved
1 : 7.721333, 12.95508, 7.550085, -10.28468, -12.99356, -8.023733, -8.534025, -10.28468
2 : 11.15513, -36.32188, -1.985849, -28.08614, 26.39295, -20.29288, -9.46811, -28.08614
3 : 22.96509, 23.75526, 24.74253, -15.21237, 9.808382, -36.45029, -14.91041, -15.21237
4 : 28.61147, -38.15453, 21.54884, 10.80915, 21.98052, 45.61263, 7.496328, 10.80915

11 Genetic : 13.62 Moved
1 : 7.721333, 12.95508, 7.550085, -10.28468, -12.99356, -8.023733, -8.534025, -10.28468
2 : 11.15513, -36.32188, -1.985849, -28.08614, 26.39295, -20.29288, -9.46811, -28.08614
3 : 22.96509, 23.75526, 24.74253, -15.21237, 9.808382, -36.45029, -14.91041, -15.21237
4 : 28.61147, -38.15453, 21.54884, 10.80915, 21.98052, 45.61263, 7.496328, 10.80915

12 Genetic : 13.58089 Moved
1 : 7.721333, 12.95508, 7.550085, -10.28468, -12.99356, -8.023733, -8.534025, -10.28468
2 : 11.15513, -36.32188, -1.985849, -28.08614, 26.39295, -20.29288, -9.46811, -28.08614
3 : 22.96509, 23.75526, 24.74253, -15.21237, 9.808382, -36.45029, -14.91041, -15.21237
4 : 28.61147, -38.15453, 21.54884, 10.80915, 21.98052, 45.61263, 7.496328, 10.80915

13 Genetic : 13.5617 Moved
1 : 7.721333, 12.95508, 7.550085, -10.28468, -12.99356, -8.023733, -8.534025, -10.28468
2 : 11.15513, -36.32188, -1.985849, -28.08614, 26.39295, -20.29288, -9.46811, -28.08614
3 : 22.96509, 23.75526, 24.74253, -15.21237, 9.808382, -36.45029, -14.91041, -15.21237
4 : 28.61147, -38.15453, 21.54884, 10.80915, 21.98052, 45.61263, 7.496328, 10.80915

14 Genetic : 13.5297 Moved
1 : 7.721333, 12.95508, 7.550085, -10.28468, -12.99356, -8.023733, -8.534025, -10.28468
2 : 11.15513, -36.32188, -1.985849, -28.08614, 26.39295, -20.29288, -9.46811, -28.08614
3 : 22.96509, 23.75526, 24.74253, -15.21237, 9.808382, -36.45029, -14.91041, -15.21237
4 : 28.61147, -38.15453, 21.54884, 10.80915, 21.98052, 45.61263, 7.496328, 10.80915

15 Genetic : 13.52675 Moved
1 : 7.721333, 12.95508, 7.550085, -10.28468, -12.99356, -8.023733, -8.534025, -10.28468
2 : 11.15513, -36.32188, -1.985849, -28.08614, 26.39295, -20.29288, -9.46811, -28.08614
3 : 22.96509, 23.75526, 24.74253, -15.21237, 9.808382, -36.45029, -14.91041, -15.21237
4 : 28.61147, -38.15453, 21.54884, 10.80915, 21.98052, 45.61263, 7.496328, 10.80915

16 Genetic : 13.51672 Moved
1 : 7.721333, 12.95508, 7.550085, -10.28468, -12.99356, -8.023733, -8.534025, -10.28468
2 : 11.15513, -36.32188, -1.985849, -28.08614, 26.39295, -20.29288, -9.46811, -28.08614
3 : 22.96509, 23.75526, 24.74253, -15.21237, 9.808382, -36.45029, -14.91041, -15.21237
4 : 28.61147, -38.15453, 21.54884, 10.80915, 21.98052, 45.61263, 7.496328, 10.80915

17 Genetic : 13.41683 Moved
1 : 7.721333, 12.95508, 7.550085, -10.28468, -12.99356, -8.023733, -8.534025, -10.28468
2 : 11.15513, -36.32188, -1.985849, -28.08614, 26.39295, -20.29288, -9.46811, -28.08614
3 : 22.96509, 23.75526, 24.74253, -15.21237, 9.808382, -36.45029, -14.91041, -15.21237
4 : 28.61147, -38.15453, 21.54884, 10.80915, 21.98052, 45.61263, 7.496328, 10.80915

18 Genetic : 13.39573 Moved
1 : 7.721333, 12.95508, 7.550085, -10.28468, -12.99356, -8.023733, -8.534025, -10.28468
2 : 11.15513, -36.32188, -1.985849, -28.08614, 26.39295, -20.29288, -9.46811, -28.08614
3 : 22.96509, 23.75526, 24.74253, -15.21237, 9.808382, -36.45029, -14.91041, -15.21237
4 : 28.61147, -38.15453, 21.54884, 10.80915, 21.98052, 45.61263, 7.496328, 10.80915

19 Genetic : 13.38803 Moved
1 : 7.721333, 12.95508, 7.550085, -10.28468, -12.99356, -8.023733, -8.534025, -10.28468
2 : 11.15513, -36.32188, -1.985849, -28.08614, 26.39295, -20.29288, -9.46811, -28.08614
3 : 22.96509, 23.75526, 24.74253, -15.21237, 9.808382, -36.45029, -14.91041, -15.21237
4 : 28.61147, -38.15453, 21.54884, 10.80915, 21.98052, 45.61263, 7.496328, 10.80915

20 Genetic : 13.35266 Moved
1 : 7.721333, 12.95508, 7.550085, -10.28468, -12.99356, -8.023733, -8.534025, -10.28468
2 : 11.15513, -36.32188, -1.985849, -28.08614, 26.39295, -20.29288, -9.46811, -28.08614
3 : 22.96509, 23.75526, 24.74253, -15.21237, 9.808382, -36.45029, -14.91041, -15.21237
4 : 28.61147, -38.15453, 21.54884, 10.80915, 21.98052, 45.61263, 7.496328, 10.80915

21 Genetic : 13.21531 Moved
1 : 7.721333, 12.95508, 7.550085, -10.28468, -12.99356, -8.023733, -8.534025, -10.28468
2 : 11.15513, -36.32188, -1.985849, -28.08614, 26.39295, -20.29288, -9.46811, -28.08614
3 : 22.96509, 23.75526, 24.74253, -15.21237, 9.808382, -36.45029, -14.91041, -15.21237
4 : 28.61147, -38.15453, 21.54884, 10.80915, 21.98052, 45.61263, 7.496328, 10.80915

22 Genetic : 13.20162 Moved
1 : 7.721333, 12.95508, 7.550085, -10.28468, -12.99356, -8.023733, -8.534025, -10.28468
2 : 11.15513, -36.32188, -1.985849, -28.08614, 26.39295, -20.29288, -9.46811, -28.08614
3 : 22.96509, 23.75526, 24.74253, -15.21237, 9.808382, -36.45029, -14.91041, -15.21237
4 : 28.61147, -38.15453, 21.54884, 10.80915, 21.98052, 45.61263, 7.496328, 10.80915

23 Genetic : 13.15918 Moved
1 : 7.721333, 12.95508, 7.550085, -10.28468, -12.99356, -8.023733, -8.534025, -10.28468
2 : 11.15513, -36.32188, -1.985849, -28.08614, 26.39295, -20.29288, -9.46811, -28.08614
3 : 22.96509, 23.75526, 24.74253, -15.21237, 9.808382, -36.45029, -14.91041, -15.21237
4 : 28.61147, -38.15453, 21.54884, 10.80915, 21.98052, 45.61263, 7.496328, 10.80915

24 Genetic : 13.13546 Moved
1 : 7.721333, 12.95508, 7.550085, -10.28468, -12.99356, -8.023733, -8.534025, -10.28468
2 : 11.15513, -36.32188, -1.985849, -28.08614, 26.39295, -20.29288, -9.46811, -28.08614
3 : 22.96509, 23.75526, 24.74253, -15.21237, 9.808382, -36.45029, -14.91041, -15.21237
4 : 28.61147, -38.15453, 21.54884, 10.80915, 21.98052, 45.61263, 7.496328, 10.80915

25 Genetic : 13.0983 Moved
1 : 7.721333, 12.95508, 7.550085, -10.28468, -12.99356, -8.023733, -8.534025, -10.28468
2 : 11.15513, -36.32188, -1.985849, -28.08614, 26.39295, -20.29288, -9.46811, -28.08614
3 : 22.96509, 23.75526, 24.74253, -15.21237, 9.808382, -36.45029, -14.91041, -15.21237
4 : 28.61147, -38.15453, 21.54884, 10.80915, 21.98052, 45.61263, 7.496328, 10.80915

26 Genetic : 13.07495 Moved
1 : 7.721333, 12.95508, 7.550085, -10.28468, -12.99356, -8.023733, -8.534025, -10.28468
2 : 11.15513, -36.32188, -1.985849, -28.08614, 26.39295, -20.29288, -9.46811, -28.08614
3 : 22.96509, 23.75526, 24.74253, -15.21237, 9.808382, -36.45029, -14.91041, -15.21237
4 : 28.61147, -38.15453, 21.54884, 10.80915, 21.98052, 45.61263, 7.496328, 10.80915

27 Genetic : 13.01628 Moved
1 : 7.721333, 12.95508, 7.550085, -10.28468, -12.99356, -8.023733, -8.534025, -10.28468
2 : 11.15513, -36.32188, -1.985849, -28.08614, 26.39295, -20.29288, -9.46811, -28.08614
3 : 22.96509, 23.75526, 24.74253, -15.21237, 9.808382, -36.45029, -14.91041, -15.21237
4 : 28.61147, -38.15453, 21.54884, 10.80915, 21.98052, 45.61263, 7.496328, 10.80915

28 Genetic : 12.97071 Moved
1 : 7.721333, 12.95508, 7.550085, -10.28468, -12.99356, -8.023733, -8.534025, -10.28468
2 : 11.15513, -36.32188, -1.985849, -28.08614, 26.39295, -20.29288, -9.46811, -28.08614
3 : 22.96509, 23.75526, 24.74253, -15.21237, 9.808382, -36.45029, -14.91041, -15.21237
4 : 28.61147, -38.15453, 21.54884, 10.80915, 21.98052, 45.61263, 7.496328, 10.80915

29 Genetic : 12.87748 Moved
1 : 7.721333, 12.95508, 7.550085, -10.28468, -12.99356, -8.023733, -8.534025, -10.28468
2 : 11.15513, -36.32188, -1.985849, -28.08614, 26.39295, -20.29288, -9.46811, -28.08614
3 : 22.96509, 23.75526, 24.74253, -15.21237, 9.808382, -36.45029, -14.91041, -15.21237
4 : 28.61147, -38.15453, 21.54884, 10.80915, 21.98052, 45.61263, 7.496328, 10.80915

30 Genetic : 12.82774 Moved
1 : 7.721333, 12.95508, 7.550085, -10.28468, -12.99356, -8.023733, -8.534025, -10.28468
2 : 11.15513, -36.32188, -1.985849, -28.08614, 26.39295, -20.29288, -9.46811, -28.08614
3 : 22.96509, 23.75526, 24.74253, -15.21237, 9.808382, -36.45029, -14.91041, -15.21237
4 : 28.61147, -38.15453, 21.54884, 10.80915, 21.98052, 45.61263, 7.496328, 10.80915

31 Genetic : 12.81649 Moved
1 : 7.721333, 12.95508, 7.550085, -10.28468, -12.99356, -8.023733, -8.534025, -10.28468
2 : 11.15513, -36.32188, -1.985849, -28.08614, 26.39295, -20.29288, -9.46811, -28.08614
3 : 22.96509, 23.75526, 24.74253, -15.21237, 9.808382, -36.45029, -14.91041, -15.21237
4 : 28.61147, -38.15453, 21.54884, 10.80915, 21.98052, 45.61263, 7.496328, 10.80915

32 Genetic : 12.81085 Moved
1 : 7.721333, 12.95508, 7.550085, -10.28468, -12.99356, -8.023733, -8.534025, -10.28468
2 : 11.15513, -36.32188, -1.985849, -28.08614, 26.39295, -20.29288, -9.46811, -28.08614
3 : 22.96509, 23.75526, 24.74253, -15.21237, 9.808382, -36.45029, -14.91041, -15.21237
4 : 28.61147, -38.15453, 21.54884, 10.80915, 21.98052, 45.61263, 7.496328, 10.80915

