1 Genetic : 7.247356 Moved
1 : 29.32167, 33.80648, 30, 55.90931, 30, -17.24426, 30, 55.90931
2 : 29.4627, 57.92792, 28.14144, -40.51354, 30, -13.16523, 30, -40.51354
3 : 28.89435, -8.460783, 29.50154, -56.10639, 30, -28.70189, 30, -56.10639
4 : 30, 57.47475, 30, -60, 28.79666, 56.04538, 30, -60

2 Genetic : 7.06953 Moved
1 : 29.32167, 33.80648, 30, 55.90931, 30, -17.24426, 30, 55.90931
2 : 29.4627, 57.92792, 28.14144, -40.51354, 30, -13.16523, 30, -40.51354
3 : 28.89435, -8.460783, 29.50154, -56.10639, 30, -28.70189, 30, -56.10639
4 : 30, 57.47475, 30, -60, 28.79666, 56.04538, 30, -60

3 Genetic : 6.47384 Moved
1 : 29.32167, 33.80648, 30, 55.90931, 30, -17.24426, 30, 55.90931
2 : 29.4627, 57.92792, 28.14144, -40.51354, 30, -13.16523, 30, -40.51354
3 : 28.89435, -8.460783, 29.50154, -56.10639, 30, -28.70189, 30, -56.10639
4 : 30, 57.47475, 30, -60, 28.79666, 56.04538, 30, -60

4 Genetic : 5.902914 Moved
1 : 29.32167, 33.80648, 30, 55.90931, 30, -17.24426, 30, 55.90931
2 : 29.4627, 57.92792, 28.14144, -40.51354, 30, -13.16523, 30, -40.51354
3 : 28.89435, -8.460783, 29.50154, -56.10639, 30, -28.70189, 30, -56.10639
4 : 30, 57.47475, 30, -60, 28.79666, 56.04538, 30, -60

5 Genetic : 5.739228 Moved
1 : 29.32167, 33.80648, 30, 55.90931, 30, -17.24426, 30, 55.90931
2 : 29.4627, 57.92792, 28.14144, -40.51354, 30, -13.16523, 30, -40.51354
3 : 28.89435, -8.460783, 29.50154, -56.10639, 30, -28.70189, 30, -56.10639
4 : 30, 57.47475, 30, -60, 28.79666, 56.04538, 30, -60

6 Genetic : 5.429089 Moved
1 : 29.32167, 33.80648, 30, 55.90931, 30, -17.24426, 30, 55.90931
2 : 29.4627, 57.92792, 28.14144, -40.51354, 30, -13.16523, 30, -40.51354
3 : 28.89435, -8.460783, 29.50154, -56.10639, 30, -28.70189, 30, -56.10639
4 : 30, 57.47475, 30, -60, 28.79666, 56.04538, 30, -60

7 Genetic : 5.422424 Moved
1 : 29.32167, 33.80648, 30, 55.90931, 30, -17.24426, 30, 55.90931
2 : 29.4627, 57.92792, 28.14144, -40.51354, 30, -13.16523, 30, -40.51354
3 : 28.89435, -8.460783, 29.50154, -56.10639, 30, -28.70189, 30, -56.10639
4 : 30, 57.47475, 30, -60, 28.79666, 56.04538, 30, -60

8 Genetic : 5.385484 Moved
1 : 29.32167, 33.80648, 30, 55.90931, 30, -17.24426, 30, 55.90931
2 : 29.4627, 57.92792, 28.14144, -40.51354, 30, -13.16523, 30, -40.51354
3 : 28.89435, -8.460783, 29.50154, -56.10639, 30, -28.70189, 30, -56.10639
4 : 30, 57.47475, 30, -60, 28.79666, 56.04538, 30, -60

9 Genetic : 5.343344 Moved
1 : 29.32167, 33.80648, 30, 55.90931, 30, -17.24426, 30, 55.90931
2 : 29.4627, 57.92792, 28.14144, -40.51354, 30, -13.16523, 30, -40.51354
3 : 28.89435, -8.460783, 29.50154, -56.10639, 30, -28.70189, 30, -56.10639
4 : 30, 57.47475, 30, -60, 28.79666, 56.04538, 30, -60

10 Genetic : 5.339174 Moved
1 : 29.32167, 33.80648, 30, 55.90931, 30, -17.24426, 30, 55.90931
2 : 29.4627, 57.92792, 28.14144, -40.51354, 30, -13.16523, 30, -40.51354
3 : 28.89435, -8.460783, 29.50154, -56.10639, 30, -28.70189, 30, -56.10639
4 : 30, 57.47475, 30, -60, 28.79666, 56.04538, 30, -60

11 Genetic : 5.320686 Moved
1 : 29.32167, 33.80648, 30, 55.90931, 30, -17.24426, 30, 55.90931
2 : 29.4627, 57.92792, 28.14144, -40.51354, 30, -13.16523, 30, -40.51354
3 : 28.89435, -8.460783, 29.50154, -56.10639, 30, -28.70189, 30, -56.10639
4 : 30, 57.47475, 30, -60, 28.79666, 56.04538, 30, -60

12 Genetic : 5.281023 Moved
1 : 29.32167, 33.80648, 30, 55.90931, 30, -17.24426, 30, 55.90931
2 : 29.4627, 57.92792, 28.14144, -40.51354, 30, -13.16523, 30, -40.51354
3 : 28.89435, -8.460783, 29.50154, -56.10639, 30, -28.70189, 30, -56.10639
4 : 30, 57.47475, 30, -60, 28.79666, 56.04538, 30, -60

13 Genetic : 5.222167 Moved
1 : 29.32167, 33.80648, 30, 55.90931, 30, -17.24426, 30, 55.90931
2 : 29.4627, 57.92792, 28.14144, -40.51354, 30, -13.16523, 30, -40.51354
3 : 28.89435, -8.460783, 29.50154, -56.10639, 30, -28.70189, 30, -56.10639
4 : 30, 57.47475, 30, -60, 28.79666, 56.04538, 30, -60

14 Genetic : 5.221577 Moved
1 : 29.32167, 33.80648, 30, 55.90931, 30, -17.24426, 30, 55.90931
2 : 29.4627, 57.92792, 28.14144, -40.51354, 30, -13.16523, 30, -40.51354
3 : 28.89435, -8.460783, 29.50154, -56.10639, 30, -28.70189, 30, -56.10639
4 : 30, 57.47475, 30, -60, 28.79666, 56.04538, 30, -60

15 Genetic : 5.185095 Moved
1 : 29.32167, 33.80648, 30, 55.90931, 30, -17.24426, 30, 55.90931
2 : 29.4627, 57.92792, 28.14144, -40.51354, 30, -13.16523, 30, -40.51354
3 : 28.89435, -8.460783, 29.50154, -56.10639, 30, -28.70189, 30, -56.10639
4 : 30, 57.47475, 30, -60, 28.79666, 56.04538, 30, -60

16 Genetic : 5.148556 Moved
1 : 29.32167, 33.80648, 30, 55.90931, 30, -17.24426, 30, 55.90931
2 : 29.4627, 57.92792, 28.14144, -40.51354, 30, -13.16523, 30, -40.51354
3 : 28.89435, -8.460783, 29.50154, -56.10639, 30, -28.70189, 30, -56.10639
4 : 30, 57.47475, 30, -60, 28.79666, 56.04538, 30, -60

17 Genetic : 5.131199 Moved
1 : 29.32167, 33.80648, 30, 55.90931, 30, -17.24426, 30, 55.90931
2 : 29.4627, 57.92792, 28.14144, -40.51354, 30, -13.16523, 30, -40.51354
3 : 28.89435, -8.460783, 29.50154, -56.10639, 30, -28.70189, 30, -56.10639
4 : 30, 57.47475, 30, -60, 28.79666, 56.04538, 30, -60

18 Genetic : 5.129394 Moved
1 : 29.32167, 33.80648, 30, 55.90931, 30, -17.24426, 30, 55.90931
2 : 29.4627, 57.92792, 28.14144, -40.51354, 30, -13.16523, 30, -40.51354
3 : 28.89435, -8.460783, 29.50154, -56.10639, 30, -28.70189, 30, -56.10639
4 : 30, 57.47475, 30, -60, 28.79666, 56.04538, 30, -60

19 Genetic : 5.088474 Moved
1 : 29.32167, 33.80648, 30, 55.90931, 30, -17.24426, 30, 55.90931
2 : 29.4627, 57.92792, 28.14144, -40.51354, 30, -13.16523, 30, -40.51354
3 : 28.89435, -8.460783, 29.50154, -56.10639, 30, -28.70189, 30, -56.10639
4 : 30, 57.47475, 30, -60, 28.79666, 56.04538, 30, -60

20 Genetic : 5.014744 Moved
1 : 29.32167, 33.80648, 30, 55.90931, 30, -17.24426, 30, 55.90931
2 : 29.4627, 57.92792, 28.14144, -40.51354, 30, -13.16523, 30, -40.51354
3 : 28.89435, -8.460783, 29.50154, -56.10639, 30, -28.70189, 30, -56.10639
4 : 30, 57.47475, 30, -60, 28.79666, 56.04538, 30, -60

21 Genetic : 4.99545 Moved
1 : 29.32167, 33.80648, 30, 55.90931, 30, -17.24426, 30, 55.90931
2 : 29.4627, 57.92792, 28.14144, -40.51354, 30, -13.16523, 30, -40.51354
3 : 28.89435, -8.460783, 29.50154, -56.10639, 30, -28.70189, 30, -56.10639
4 : 30, 57.47475, 30, -60, 28.79666, 56.04538, 30, -60

22 Genetic : 4.990965 Moved
1 : 29.32167, 33.80648, 30, 55.90931, 30, -17.24426, 30, 55.90931
2 : 29.4627, 57.92792, 28.14144, -40.51354, 30, -13.16523, 30, -40.51354
3 : 28.89435, -8.460783, 29.50154, -56.10639, 30, -28.70189, 30, -56.10639
4 : 30, 57.47475, 30, -60, 28.79666, 56.04538, 30, -60

23 Genetic : 4.981121 Moved
1 : 29.32167, 33.80648, 30, 55.90931, 30, -17.24426, 30, 55.90931
2 : 29.4627, 57.92792, 28.14144, -40.51354, 30, -13.16523, 30, -40.51354
3 : 28.89435, -8.460783, 29.50154, -56.10639, 30, -28.70189, 30, -56.10639
4 : 30, 57.47475, 30, -60, 28.79666, 56.04538, 30, -60

24 Genetic : 4.962632 Moved
1 : 29.32167, 33.80648, 30, 55.90931, 30, -17.24426, 30, 55.90931
2 : 29.4627, 57.92792, 28.14144, -40.51354, 30, -13.16523, 30, -40.51354
3 : 28.89435, -8.460783, 29.50154, -56.10639, 30, -28.70189, 30, -56.10639
4 : 30, 57.47475, 30, -60, 28.79666, 56.04538, 30, -60

25 Genetic : 4.937796 Moved
1 : 29.32167, 33.80648, 30, 55.90931, 30, -17.24426, 30, 55.90931
2 : 29.4627, 57.92792, 28.14144, -40.51354, 30, -13.16523, 30, -40.51354
3 : 28.89435, -8.460783, 29.50154, -56.10639, 30, -28.70189, 30, -56.10639
4 : 30, 57.47475, 30, -60, 28.79666, 56.04538, 30, -60

26 Genetic : 4.933364 Moved
1 : 29.32167, 33.80648, 30, 55.90931, 30, -17.24426, 30, 55.90931
2 : 29.4627, 57.92792, 28.14144, -40.51354, 30, -13.16523, 30, -40.51354
3 : 28.89435, -8.460783, 29.50154, -56.10639, 30, -28.70189, 30, -56.10639
4 : 30, 57.47475, 30, -60, 28.79666, 56.04538, 30, -60

27 Genetic : 4.88069 Moved
1 : 29.32167, 33.80648, 30, 55.90931, 30, -17.24426, 30, 55.90931
2 : 29.4627, 57.92792, 28.14144, -40.51354, 30, -13.16523, 30, -40.51354
3 : 28.89435, -8.460783, 29.50154, -56.10639, 30, -28.70189, 30, -56.10639
4 : 30, 57.47475, 30, -60, 28.79666, 56.04538, 30, -60

28 Genetic : 4.874725 Moved
1 : 29.32167, 33.80648, 30, 55.90931, 30, -17.24426, 30, 55.90931
2 : 29.4627, 57.92792, 28.14144, -40.51354, 30, -13.16523, 30, -40.51354
3 : 28.89435, -8.460783, 29.50154, -56.10639, 30, -28.70189, 30, -56.10639
4 : 30, 57.47475, 30, -60, 28.79666, 56.04538, 30, -60

29 Genetic : 4.857982 Moved
1 : 29.32167, 33.80648, 30, 55.90931, 30, -17.24426, 30, 55.90931
2 : 29.4627, 57.92792, 28.14144, -40.51354, 30, -13.16523, 30, -40.51354
3 : 28.89435, -8.460783, 29.50154, -56.10639, 30, -28.70189, 30, -56.10639
4 : 30, 57.47475, 30, -60, 28.79666, 56.04538, 30, -60

30 Genetic : 4.844146 Moved
1 : 29.32167, 33.80648, 30, 55.90931, 30, -17.24426, 30, 55.90931
2 : 29.4627, 57.92792, 28.14144, -40.51354, 30, -13.16523, 30, -40.51354
3 : 28.89435, -8.460783, 29.50154, -56.10639, 30, -28.70189, 30, -56.10639
4 : 30, 57.47475, 30, -60, 28.79666, 56.04538, 30, -60

31 Genetic : 4.836979 Moved
1 : 29.32167, 33.80648, 30, 55.90931, 30, -17.24426, 30, 55.90931
2 : 29.4627, 57.92792, 28.14144, -40.51354, 30, -13.16523, 30, -40.51354
3 : 28.89435, -8.460783, 29.50154, -56.10639, 30, -28.70189, 30, -56.10639
4 : 30, 57.47475, 30, -60, 28.79666, 56.04538, 30, -60

32 Genetic : 4.784024 Moved
1 : 29.32167, 33.80648, 30, 55.90931, 30, -17.24426, 30, 55.90931
2 : 29.4627, 57.92792, 28.14144, -40.51354, 30, -13.16523, 30, -40.51354
3 : 28.89435, -8.460783, 29.50154, -56.10639, 30, -28.70189, 30, -56.10639
4 : 30, 57.47475, 30, -60, 28.79666, 56.04538, 30, -60

