1 Genetic : 7.383982 Moved
1 : 29.91504, 30.07628, 29.82419, 53.1435, 30, -23.43715, 30, 53.1435
2 : 29.82644, 49.31903, 30, -38.96094, 29.7089, -13.26252, 30, -38.96094
3 : 30, -7.299341, 29.93395, -57.40181, 30, -32.82931, 30, -57.40181
4 : 30, 59.5594, 30, -58.14735, 30, 60, 29.8974, -58.14735

2 Genetic : 6.024618 Moved
1 : 29.91504, 30.07628, 29.82419, 53.1435, 30, -23.43715, 30, 53.1435
2 : 29.82644, 49.31903, 30, -38.96094, 29.7089, -13.26252, 30, -38.96094
3 : 30, -7.299341, 29.93395, -57.40181, 30, -32.82931, 30, -57.40181
4 : 30, 59.5594, 30, -58.14735, 30, 60, 29.8974, -58.14735

3 Genetic : 5.882034 Moved
1 : 29.91504, 30.07628, 29.82419, 53.1435, 30, -23.43715, 30, 53.1435
2 : 29.82644, 49.31903, 30, -38.96094, 29.7089, -13.26252, 30, -38.96094
3 : 30, -7.299341, 29.93395, -57.40181, 30, -32.82931, 30, -57.40181
4 : 30, 59.5594, 30, -58.14735, 30, 60, 29.8974, -58.14735

4 Genetic : 5.84785 Moved
1 : 29.91504, 30.07628, 29.82419, 53.1435, 30, -23.43715, 30, 53.1435
2 : 29.82644, 49.31903, 30, -38.96094, 29.7089, -13.26252, 30, -38.96094
3 : 30, -7.299341, 29.93395, -57.40181, 30, -32.82931, 30, -57.40181
4 : 30, 59.5594, 30, -58.14735, 30, 60, 29.8974, -58.14735

5 Genetic : 5.812917 Moved
1 : 29.91504, 30.07628, 29.82419, 53.1435, 30, -23.43715, 30, 53.1435
2 : 29.82644, 49.31903, 30, -38.96094, 29.7089, -13.26252, 30, -38.96094
3 : 30, -7.299341, 29.93395, -57.40181, 30, -32.82931, 30, -57.40181
4 : 30, 59.5594, 30, -58.14735, 30, 60, 29.8974, -58.14735

6 Genetic : 5.800982 Moved
1 : 29.91504, 30.07628, 29.82419, 53.1435, 30, -23.43715, 30, 53.1435
2 : 29.82644, 49.31903, 30, -38.96094, 29.7089, -13.26252, 30, -38.96094
3 : 30, -7.299341, 29.93395, -57.40181, 30, -32.82931, 30, -57.40181
4 : 30, 59.5594, 30, -58.14735, 30, 60, 29.8974, -58.14735

7 Genetic : 5.790123 Moved
1 : 29.91504, 30.07628, 29.82419, 53.1435, 30, -23.43715, 30, 53.1435
2 : 29.82644, 49.31903, 30, -38.96094, 29.7089, -13.26252, 30, -38.96094
3 : 30, -7.299341, 29.93395, -57.40181, 30, -32.82931, 30, -57.40181
4 : 30, 59.5594, 30, -58.14735, 30, 60, 29.8974, -58.14735

8 Genetic : 5.741986 Moved
1 : 29.91504, 30.07628, 29.82419, 53.1435, 30, -23.43715, 30, 53.1435
2 : 29.82644, 49.31903, 30, -38.96094, 29.7089, -13.26252, 30, -38.96094
3 : 30, -7.299341, 29.93395, -57.40181, 30, -32.82931, 30, -57.40181
4 : 30, 59.5594, 30, -58.14735, 30, 60, 29.8974, -58.14735

9 Genetic : 5.476643 Moved
1 : 29.91504, 30.07628, 29.82419, 53.1435, 30, -23.43715, 30, 53.1435
2 : 29.82644, 49.31903, 30, -38.96094, 29.7089, -13.26252, 30, -38.96094
3 : 30, -7.299341, 29.93395, -57.40181, 30, -32.82931, 30, -57.40181
4 : 30, 59.5594, 30, -58.14735, 30, 60, 29.8974, -58.14735

10 Genetic : 5.465928 Moved
1 : 29.91504, 30.07628, 29.82419, 53.1435, 30, -23.43715, 30, 53.1435
2 : 29.82644, 49.31903, 30, -38.96094, 29.7089, -13.26252, 30, -38.96094
3 : 30, -7.299341, 29.93395, -57.40181, 30, -32.82931, 30, -57.40181
4 : 30, 59.5594, 30, -58.14735, 30, 60, 29.8974, -58.14735

11 Genetic : 5.438024 Moved
1 : 29.91504, 30.07628, 29.82419, 53.1435, 30, -23.43715, 30, 53.1435
2 : 29.82644, 49.31903, 30, -38.96094, 29.7089, -13.26252, 30, -38.96094
3 : 30, -7.299341, 29.93395, -57.40181, 30, -32.82931, 30, -57.40181
4 : 30, 59.5594, 30, -58.14735, 30, 60, 29.8974, -58.14735

12 Genetic : 5.422553 Moved
1 : 29.91504, 30.07628, 29.82419, 53.1435, 30, -23.43715, 30, 53.1435
2 : 29.82644, 49.31903, 30, -38.96094, 29.7089, -13.26252, 30, -38.96094
3 : 30, -7.299341, 29.93395, -57.40181, 30, -32.82931, 30, -57.40181
4 : 30, 59.5594, 30, -58.14735, 30, 60, 29.8974, -58.14735

13 Genetic : 5.404895 Moved
1 : 29.91504, 30.07628, 29.82419, 53.1435, 30, -23.43715, 30, 53.1435
2 : 29.82644, 49.31903, 30, -38.96094, 29.7089, -13.26252, 30, -38.96094
3 : 30, -7.299341, 29.93395, -57.40181, 30, -32.82931, 30, -57.40181
4 : 30, 59.5594, 30, -58.14735, 30, 60, 29.8974, -58.14735

14 Genetic : 5.37351 Moved
1 : 29.91504, 30.07628, 29.82419, 53.1435, 30, -23.43715, 30, 53.1435
2 : 29.82644, 49.31903, 30, -38.96094, 29.7089, -13.26252, 30, -38.96094
3 : 30, -7.299341, 29.93395, -57.40181, 30, -32.82931, 30, -57.40181
4 : 30, 59.5594, 30, -58.14735, 30, 60, 29.8974, -58.14735

15 Genetic : 5.290298 Moved
1 : 29.91504, 30.07628, 29.82419, 53.1435, 30, -23.43715, 30, 53.1435
2 : 29.82644, 49.31903, 30, -38.96094, 29.7089, -13.26252, 30, -38.96094
3 : 30, -7.299341, 29.93395, -57.40181, 30, -32.82931, 30, -57.40181
4 : 30, 59.5594, 30, -58.14735, 30, 60, 29.8974, -58.14735

16 Genetic : 5.22912 Moved
1 : 29.91504, 30.07628, 29.82419, 53.1435, 30, -23.43715, 30, 53.1435
2 : 29.82644, 49.31903, 30, -38.96094, 29.7089, -13.26252, 30, -38.96094
3 : 30, -7.299341, 29.93395, -57.40181, 30, -32.82931, 30, -57.40181
4 : 30, 59.5594, 30, -58.14735, 30, 60, 29.8974, -58.14735

17 Genetic : 5.172025 Moved
1 : 29.91504, 30.07628, 29.82419, 53.1435, 30, -23.43715, 30, 53.1435
2 : 29.82644, 49.31903, 30, -38.96094, 29.7089, -13.26252, 30, -38.96094
3 : 30, -7.299341, 29.93395, -57.40181, 30, -32.82931, 30, -57.40181
4 : 30, 59.5594, 30, -58.14735, 30, 60, 29.8974, -58.14735

18 Genetic : 5.148698 Moved
1 : 29.91504, 30.07628, 29.82419, 53.1435, 30, -23.43715, 30, 53.1435
2 : 29.82644, 49.31903, 30, -38.96094, 29.7089, -13.26252, 30, -38.96094
3 : 30, -7.299341, 29.93395, -57.40181, 30, -32.82931, 30, -57.40181
4 : 30, 59.5594, 30, -58.14735, 30, 60, 29.8974, -58.14735

19 Genetic : 5.12174 Moved
1 : 29.91504, 30.07628, 29.82419, 53.1435, 30, -23.43715, 30, 53.1435
2 : 29.82644, 49.31903, 30, -38.96094, 29.7089, -13.26252, 30, -38.96094
3 : 30, -7.299341, 29.93395, -57.40181, 30, -32.82931, 30, -57.40181
4 : 30, 59.5594, 30, -58.14735, 30, 60, 29.8974, -58.14735

20 Genetic : 5.092142 Moved
1 : 29.91504, 30.07628, 29.82419, 53.1435, 30, -23.43715, 30, 53.1435
2 : 29.82644, 49.31903, 30, -38.96094, 29.7089, -13.26252, 30, -38.96094
3 : 30, -7.299341, 29.93395, -57.40181, 30, -32.82931, 30, -57.40181
4 : 30, 59.5594, 30, -58.14735, 30, 60, 29.8974, -58.14735

21 Genetic : 5.085532 Moved
1 : 29.91504, 30.07628, 29.82419, 53.1435, 30, -23.43715, 30, 53.1435
2 : 29.82644, 49.31903, 30, -38.96094, 29.7089, -13.26252, 30, -38.96094
3 : 30, -7.299341, 29.93395, -57.40181, 30, -32.82931, 30, -57.40181
4 : 30, 59.5594, 30, -58.14735, 30, 60, 29.8974, -58.14735

22 Genetic : 5.069327 Moved
1 : 29.91504, 30.07628, 29.82419, 53.1435, 30, -23.43715, 30, 53.1435
2 : 29.82644, 49.31903, 30, -38.96094, 29.7089, -13.26252, 30, -38.96094
3 : 30, -7.299341, 29.93395, -57.40181, 30, -32.82931, 30, -57.40181
4 : 30, 59.5594, 30, -58.14735, 30, 60, 29.8974, -58.14735

23 Genetic : 4.947256 Moved
1 : 29.91504, 30.07628, 29.82419, 53.1435, 30, -23.43715, 30, 53.1435
2 : 29.82644, 49.31903, 30, -38.96094, 29.7089, -13.26252, 30, -38.96094
3 : 30, -7.299341, 29.93395, -57.40181, 30, -32.82931, 30, -57.40181
4 : 30, 59.5594, 30, -58.14735, 30, 60, 29.8974, -58.14735

24 Genetic : 4.902286 Moved
1 : 29.91504, 30.07628, 29.82419, 53.1435, 30, -23.43715, 30, 53.1435
2 : 29.82644, 49.31903, 30, -38.96094, 29.7089, -13.26252, 30, -38.96094
3 : 30, -7.299341, 29.93395, -57.40181, 30, -32.82931, 30, -57.40181
4 : 30, 59.5594, 30, -58.14735, 30, 60, 29.8974, -58.14735

25 Genetic : 4.90093 Moved
1 : 29.91504, 30.07628, 29.82419, 53.1435, 30, -23.43715, 30, 53.1435
2 : 29.82644, 49.31903, 30, -38.96094, 29.7089, -13.26252, 30, -38.96094
3 : 30, -7.299341, 29.93395, -57.40181, 30, -32.82931, 30, -57.40181
4 : 30, 59.5594, 30, -58.14735, 30, 60, 29.8974, -58.14735

26 Genetic : 4.870934 Moved
1 : 29.91504, 30.07628, 29.82419, 53.1435, 30, -23.43715, 30, 53.1435
2 : 29.82644, 49.31903, 30, -38.96094, 29.7089, -13.26252, 30, -38.96094
3 : 30, -7.299341, 29.93395, -57.40181, 30, -32.82931, 30, -57.40181
4 : 30, 59.5594, 30, -58.14735, 30, 60, 29.8974, -58.14735

27 Genetic : 4.731981 Moved
1 : 29.91504, 30.07628, 29.82419, 53.1435, 30, -23.43715, 30, 53.1435
2 : 29.82644, 49.31903, 30, -38.96094, 29.7089, -13.26252, 30, -38.96094
3 : 30, -7.299341, 29.93395, -57.40181, 30, -32.82931, 30, -57.40181
4 : 30, 59.5594, 30, -58.14735, 30, 60, 29.8974, -58.14735

28 Genetic : 4.7126 Moved
1 : 29.91504, 30.07628, 29.82419, 53.1435, 30, -23.43715, 30, 53.1435
2 : 29.82644, 49.31903, 30, -38.96094, 29.7089, -13.26252, 30, -38.96094
3 : 30, -7.299341, 29.93395, -57.40181, 30, -32.82931, 30, -57.40181
4 : 30, 59.5594, 30, -58.14735, 30, 60, 29.8974, -58.14735

29 Genetic : 4.680038 Moved
1 : 29.91504, 30.07628, 29.82419, 53.1435, 30, -23.43715, 30, 53.1435
2 : 29.82644, 49.31903, 30, -38.96094, 29.7089, -13.26252, 30, -38.96094
3 : 30, -7.299341, 29.93395, -57.40181, 30, -32.82931, 30, -57.40181
4 : 30, 59.5594, 30, -58.14735, 30, 60, 29.8974, -58.14735

30 Genetic : 4.651872 Moved
1 : 29.91504, 30.07628, 29.82419, 53.1435, 30, -23.43715, 30, 53.1435
2 : 29.82644, 49.31903, 30, -38.96094, 29.7089, -13.26252, 30, -38.96094
3 : 30, -7.299341, 29.93395, -57.40181, 30, -32.82931, 30, -57.40181
4 : 30, 59.5594, 30, -58.14735, 30, 60, 29.8974, -58.14735

31 Genetic : 4.619841 Moved
1 : 29.91504, 30.07628, 29.82419, 53.1435, 30, -23.43715, 30, 53.1435
2 : 29.82644, 49.31903, 30, -38.96094, 29.7089, -13.26252, 30, -38.96094
3 : 30, -7.299341, 29.93395, -57.40181, 30, -32.82931, 30, -57.40181
4 : 30, 59.5594, 30, -58.14735, 30, 60, 29.8974, -58.14735

32 Genetic : 4.611064 Moved
1 : 29.91504, 30.07628, 29.82419, 53.1435, 30, -23.43715, 30, 53.1435
2 : 29.82644, 49.31903, 30, -38.96094, 29.7089, -13.26252, 30, -38.96094
3 : 30, -7.299341, 29.93395, -57.40181, 30, -32.82931, 30, -57.40181
4 : 30, 59.5594, 30, -58.14735, 30, 60, 29.8974, -58.14735

