1 Genetic : 6.182393 Moved
1 : 29.63596, 48.09973, 30, 45.37007, 30, -49.12794, 30, 45.37007
2 : 28.55424, 9.389618, 30, -18.12522, 30, -17.36731, 29.25411, -18.12522
3 : 30, 1.777463, 29.95418, -22.8936, 29.60887, -45.10572, 30, -22.8936
4 : 30, 52.20213, 30, -41.49387, 29.51245, 46.48295, 30, -41.49387

2 Genetic : 5.948512 Moved
1 : 29.63596, 48.09973, 30, 45.37007, 30, -49.12794, 30, 45.37007
2 : 28.55424, 9.389618, 30, -18.12522, 30, -17.36731, 29.25411, -18.12522
3 : 30, 1.777463, 29.95418, -22.8936, 29.60887, -45.10572, 30, -22.8936
4 : 30, 52.20213, 30, -41.49387, 29.51245, 46.48295, 30, -41.49387

3 Genetic : 5.918797 Moved
1 : 29.63596, 48.09973, 30, 45.37007, 30, -49.12794, 30, 45.37007
2 : 28.55424, 9.389618, 30, -18.12522, 30, -17.36731, 29.25411, -18.12522
3 : 30, 1.777463, 29.95418, -22.8936, 29.60887, -45.10572, 30, -22.8936
4 : 30, 52.20213, 30, -41.49387, 29.51245, 46.48295, 30, -41.49387

4 Genetic : 4.779933 Moved
1 : 29.63596, 48.09973, 30, 45.37007, 30, -49.12794, 30, 45.37007
2 : 28.55424, 9.389618, 30, -18.12522, 30, -17.36731, 29.25411, -18.12522
3 : 30, 1.777463, 29.95418, -22.8936, 29.60887, -45.10572, 30, -22.8936
4 : 30, 52.20213, 30, -41.49387, 29.51245, 46.48295, 30, -41.49387

5 Genetic : 4.746864 Moved
1 : 29.63596, 48.09973, 30, 45.37007, 30, -49.12794, 30, 45.37007
2 : 28.55424, 9.389618, 30, -18.12522, 30, -17.36731, 29.25411, -18.12522
3 : 30, 1.777463, 29.95418, -22.8936, 29.60887, -45.10572, 30, -22.8936
4 : 30, 52.20213, 30, -41.49387, 29.51245, 46.48295, 30, -41.49387

6 Genetic : 4.601879 Moved
1 : 29.63596, 48.09973, 30, 45.37007, 30, -49.12794, 30, 45.37007
2 : 28.55424, 9.389618, 30, -18.12522, 30, -17.36731, 29.25411, -18.12522
3 : 30, 1.777463, 29.95418, -22.8936, 29.60887, -45.10572, 30, -22.8936
4 : 30, 52.20213, 30, -41.49387, 29.51245, 46.48295, 30, -41.49387

7 Genetic : 4.473451 Moved
1 : 29.63596, 48.09973, 30, 45.37007, 30, -49.12794, 30, 45.37007
2 : 28.55424, 9.389618, 30, -18.12522, 30, -17.36731, 29.25411, -18.12522
3 : 30, 1.777463, 29.95418, -22.8936, 29.60887, -45.10572, 30, -22.8936
4 : 30, 52.20213, 30, -41.49387, 29.51245, 46.48295, 30, -41.49387

8 Genetic : 4.417215 Moved
1 : 29.63596, 48.09973, 30, 45.37007, 30, -49.12794, 30, 45.37007
2 : 28.55424, 9.389618, 30, -18.12522, 30, -17.36731, 29.25411, -18.12522
3 : 30, 1.777463, 29.95418, -22.8936, 29.60887, -45.10572, 30, -22.8936
4 : 30, 52.20213, 30, -41.49387, 29.51245, 46.48295, 30, -41.49387

9 Genetic : 4.382938 Moved
1 : 29.63596, 48.09973, 30, 45.37007, 30, -49.12794, 30, 45.37007
2 : 28.55424, 9.389618, 30, -18.12522, 30, -17.36731, 29.25411, -18.12522
3 : 30, 1.777463, 29.95418, -22.8936, 29.60887, -45.10572, 30, -22.8936
4 : 30, 52.20213, 30, -41.49387, 29.51245, 46.48295, 30, -41.49387

10 Genetic : 4.321878 Moved
1 : 29.63596, 48.09973, 30, 45.37007, 30, -49.12794, 30, 45.37007
2 : 28.55424, 9.389618, 30, -18.12522, 30, -17.36731, 29.25411, -18.12522
3 : 30, 1.777463, 29.95418, -22.8936, 29.60887, -45.10572, 30, -22.8936
4 : 30, 52.20213, 30, -41.49387, 29.51245, 46.48295, 30, -41.49387

11 Genetic : 4.111708 Moved
1 : 29.63596, 48.09973, 30, 45.37007, 30, -49.12794, 30, 45.37007
2 : 28.55424, 9.389618, 30, -18.12522, 30, -17.36731, 29.25411, -18.12522
3 : 30, 1.777463, 29.95418, -22.8936, 29.60887, -45.10572, 30, -22.8936
4 : 30, 52.20213, 30, -41.49387, 29.51245, 46.48295, 30, -41.49387

12 Genetic : 4.001698 Moved
1 : 29.63596, 48.09973, 30, 45.37007, 30, -49.12794, 30, 45.37007
2 : 28.55424, 9.389618, 30, -18.12522, 30, -17.36731, 29.25411, -18.12522
3 : 30, 1.777463, 29.95418, -22.8936, 29.60887, -45.10572, 30, -22.8936
4 : 30, 52.20213, 30, -41.49387, 29.51245, 46.48295, 30, -41.49387

13 Genetic : 3.985916 Moved
1 : 29.63596, 48.09973, 30, 45.37007, 30, -49.12794, 30, 45.37007
2 : 28.55424, 9.389618, 30, -18.12522, 30, -17.36731, 29.25411, -18.12522
3 : 30, 1.777463, 29.95418, -22.8936, 29.60887, -45.10572, 30, -22.8936
4 : 30, 52.20213, 30, -41.49387, 29.51245, 46.48295, 30, -41.49387

14 Genetic : 3.950545 Moved
1 : 29.63596, 48.09973, 30, 45.37007, 30, -49.12794, 30, 45.37007
2 : 28.55424, 9.389618, 30, -18.12522, 30, -17.36731, 29.25411, -18.12522
3 : 30, 1.777463, 29.95418, -22.8936, 29.60887, -45.10572, 30, -22.8936
4 : 30, 52.20213, 30, -41.49387, 29.51245, 46.48295, 30, -41.49387

15 Genetic : 3.921512 Moved
1 : 29.63596, 48.09973, 30, 45.37007, 30, -49.12794, 30, 45.37007
2 : 28.55424, 9.389618, 30, -18.12522, 30, -17.36731, 29.25411, -18.12522
3 : 30, 1.777463, 29.95418, -22.8936, 29.60887, -45.10572, 30, -22.8936
4 : 30, 52.20213, 30, -41.49387, 29.51245, 46.48295, 30, -41.49387

16 Genetic : 3.795441 Moved
1 : 29.63596, 48.09973, 30, 45.37007, 30, -49.12794, 30, 45.37007
2 : 28.55424, 9.389618, 30, -18.12522, 30, -17.36731, 29.25411, -18.12522
3 : 30, 1.777463, 29.95418, -22.8936, 29.60887, -45.10572, 30, -22.8936
4 : 30, 52.20213, 30, -41.49387, 29.51245, 46.48295, 30, -41.49387

17 Genetic : 3.791359 Moved
1 : 29.63596, 48.09973, 30, 45.37007, 30, -49.12794, 30, 45.37007
2 : 28.55424, 9.389618, 30, -18.12522, 30, -17.36731, 29.25411, -18.12522
3 : 30, 1.777463, 29.95418, -22.8936, 29.60887, -45.10572, 30, -22.8936
4 : 30, 52.20213, 30, -41.49387, 29.51245, 46.48295, 30, -41.49387

18 Genetic : 3.786813 Moved
1 : 29.63596, 48.09973, 30, 45.37007, 30, -49.12794, 30, 45.37007
2 : 28.55424, 9.389618, 30, -18.12522, 30, -17.36731, 29.25411, -18.12522
3 : 30, 1.777463, 29.95418, -22.8936, 29.60887, -45.10572, 30, -22.8936
4 : 30, 52.20213, 30, -41.49387, 29.51245, 46.48295, 30, -41.49387

19 Genetic : 3.780791 Moved
1 : 29.63596, 48.09973, 30, 45.37007, 30, -49.12794, 30, 45.37007
2 : 28.55424, 9.389618, 30, -18.12522, 30, -17.36731, 29.25411, -18.12522
3 : 30, 1.777463, 29.95418, -22.8936, 29.60887, -45.10572, 30, -22.8936
4 : 30, 52.20213, 30, -41.49387, 29.51245, 46.48295, 30, -41.49387

20 Genetic : 3.696777 Moved
1 : 29.63596, 48.09973, 30, 45.37007, 30, -49.12794, 30, 45.37007
2 : 28.55424, 9.389618, 30, -18.12522, 30, -17.36731, 29.25411, -18.12522
3 : 30, 1.777463, 29.95418, -22.8936, 29.60887, -45.10572, 30, -22.8936
4 : 30, 52.20213, 30, -41.49387, 29.51245, 46.48295, 30, -41.49387

21 Genetic : 3.678402 Moved
1 : 29.63596, 48.09973, 30, 45.37007, 30, -49.12794, 30, 45.37007
2 : 28.55424, 9.389618, 30, -18.12522, 30, -17.36731, 29.25411, -18.12522
3 : 30, 1.777463, 29.95418, -22.8936, 29.60887, -45.10572, 30, -22.8936
4 : 30, 52.20213, 30, -41.49387, 29.51245, 46.48295, 30, -41.49387

22 Genetic : 3.654079 Moved
1 : 29.63596, 48.09973, 30, 45.37007, 30, -49.12794, 30, 45.37007
2 : 28.55424, 9.389618, 30, -18.12522, 30, -17.36731, 29.25411, -18.12522
3 : 30, 1.777463, 29.95418, -22.8936, 29.60887, -45.10572, 30, -22.8936
4 : 30, 52.20213, 30, -41.49387, 29.51245, 46.48295, 30, -41.49387

23 Genetic : 3.644789 Moved
1 : 29.63596, 48.09973, 30, 45.37007, 30, -49.12794, 30, 45.37007
2 : 28.55424, 9.389618, 30, -18.12522, 30, -17.36731, 29.25411, -18.12522
3 : 30, 1.777463, 29.95418, -22.8936, 29.60887, -45.10572, 30, -22.8936
4 : 30, 52.20213, 30, -41.49387, 29.51245, 46.48295, 30, -41.49387

24 Genetic : 3.61223 Moved
1 : 29.63596, 48.09973, 30, 45.37007, 30, -49.12794, 30, 45.37007
2 : 28.55424, 9.389618, 30, -18.12522, 30, -17.36731, 29.25411, -18.12522
3 : 30, 1.777463, 29.95418, -22.8936, 29.60887, -45.10572, 30, -22.8936
4 : 30, 52.20213, 30, -41.49387, 29.51245, 46.48295, 30, -41.49387

25 Genetic : 3.594181 Moved
1 : 29.63596, 48.09973, 30, 45.37007, 30, -49.12794, 30, 45.37007
2 : 28.55424, 9.389618, 30, -18.12522, 30, -17.36731, 29.25411, -18.12522
3 : 30, 1.777463, 29.95418, -22.8936, 29.60887, -45.10572, 30, -22.8936
4 : 30, 52.20213, 30, -41.49387, 29.51245, 46.48295, 30, -41.49387

26 Genetic : 3.583602 Moved
1 : 29.63596, 48.09973, 30, 45.37007, 30, -49.12794, 30, 45.37007
2 : 28.55424, 9.389618, 30, -18.12522, 30, -17.36731, 29.25411, -18.12522
3 : 30, 1.777463, 29.95418, -22.8936, 29.60887, -45.10572, 30, -22.8936
4 : 30, 52.20213, 30, -41.49387, 29.51245, 46.48295, 30, -41.49387

27 Genetic : 3.492802 Moved
1 : 29.63596, 48.09973, 30, 45.37007, 30, -49.12794, 30, 45.37007
2 : 28.55424, 9.389618, 30, -18.12522, 30, -17.36731, 29.25411, -18.12522
3 : 30, 1.777463, 29.95418, -22.8936, 29.60887, -45.10572, 30, -22.8936
4 : 30, 52.20213, 30, -41.49387, 29.51245, 46.48295, 30, -41.49387

28 Genetic : 3.483515 Moved
1 : 29.63596, 48.09973, 30, 45.37007, 30, -49.12794, 30, 45.37007
2 : 28.55424, 9.389618, 30, -18.12522, 30, -17.36731, 29.25411, -18.12522
3 : 30, 1.777463, 29.95418, -22.8936, 29.60887, -45.10572, 30, -22.8936
4 : 30, 52.20213, 30, -41.49387, 29.51245, 46.48295, 30, -41.49387

29 Genetic : 3.468232 Moved
1 : 29.63596, 48.09973, 30, 45.37007, 30, -49.12794, 30, 45.37007
2 : 28.55424, 9.389618, 30, -18.12522, 30, -17.36731, 29.25411, -18.12522
3 : 30, 1.777463, 29.95418, -22.8936, 29.60887, -45.10572, 30, -22.8936
4 : 30, 52.20213, 30, -41.49387, 29.51245, 46.48295, 30, -41.49387

30 Genetic : 3.42727 Moved
1 : 29.63596, 48.09973, 30, 45.37007, 30, -49.12794, 30, 45.37007
2 : 28.55424, 9.389618, 30, -18.12522, 30, -17.36731, 29.25411, -18.12522
3 : 30, 1.777463, 29.95418, -22.8936, 29.60887, -45.10572, 30, -22.8936
4 : 30, 52.20213, 30, -41.49387, 29.51245, 46.48295, 30, -41.49387

31 Genetic : 3.407296 Moved
1 : 29.63596, 48.09973, 30, 45.37007, 30, -49.12794, 30, 45.37007
2 : 28.55424, 9.389618, 30, -18.12522, 30, -17.36731, 29.25411, -18.12522
3 : 30, 1.777463, 29.95418, -22.8936, 29.60887, -45.10572, 30, -22.8936
4 : 30, 52.20213, 30, -41.49387, 29.51245, 46.48295, 30, -41.49387

32 Genetic : 3.352404 Moved
1 : 29.63596, 48.09973, 30, 45.37007, 30, -49.12794, 30, 45.37007
2 : 28.55424, 9.389618, 30, -18.12522, 30, -17.36731, 29.25411, -18.12522
3 : 30, 1.777463, 29.95418, -22.8936, 29.60887, -45.10572, 30, -22.8936
4 : 30, 52.20213, 30, -41.49387, 29.51245, 46.48295, 30, -41.49387

