1 Genetic : 3.914471 Moved
1 : 28.92962, 28.50743, 28.98853, 58.45278, 30, -45.52139, 30, 58.45278
2 : 29.76809, 7.848753, 29.74931, -28.97797, 29.40067, 2.144834, 30, -28.97797
3 : 30, 2.703547, 30, -30.04415, 29.60167, -20.77841, 30, -30.04415
4 : 30, 47.99954, 29.05004, -43.19175, 29.34505, 19.37331, 28.7711, -43.19175

2 Genetic : 2.553936 Moved
1 : 28.92962, 28.50743, 28.98853, 58.45278, 30, -45.52139, 30, 58.45278
2 : 29.76809, 7.848753, 29.74931, -28.97797, 29.40067, 2.144834, 30, -28.97797
3 : 30, 2.703547, 30, -30.04415, 29.60167, -20.77841, 30, -30.04415
4 : 30, 47.99954, 29.05004, -43.19175, 29.34505, 19.37331, 28.7711, -43.19175

3 Genetic : 2.501702 Moved
1 : 28.92962, 28.50743, 28.98853, 58.45278, 30, -45.52139, 30, 58.45278
2 : 29.76809, 7.848753, 29.74931, -28.97797, 29.40067, 2.144834, 30, -28.97797
3 : 30, 2.703547, 30, -30.04415, 29.60167, -20.77841, 30, -30.04415
4 : 30, 47.99954, 29.05004, -43.19175, 29.34505, 19.37331, 28.7711, -43.19175

4 Genetic : 2.419514 Moved
1 : 28.92962, 28.50743, 28.98853, 58.45278, 30, -45.52139, 30, 58.45278
2 : 29.76809, 7.848753, 29.74931, -28.97797, 29.40067, 2.144834, 30, -28.97797
3 : 30, 2.703547, 30, -30.04415, 29.60167, -20.77841, 30, -30.04415
4 : 30, 47.99954, 29.05004, -43.19175, 29.34505, 19.37331, 28.7711, -43.19175

5 Genetic : 2.181128 Moved
1 : 28.92962, 28.50743, 28.98853, 58.45278, 30, -45.52139, 30, 58.45278
2 : 29.76809, 7.848753, 29.74931, -28.97797, 29.40067, 2.144834, 30, -28.97797
3 : 30, 2.703547, 30, -30.04415, 29.60167, -20.77841, 30, -30.04415
4 : 30, 47.99954, 29.05004, -43.19175, 29.34505, 19.37331, 28.7711, -43.19175

6 Genetic : 2.040363 Moved
1 : 28.92962, 28.50743, 28.98853, 58.45278, 30, -45.52139, 30, 58.45278
2 : 29.76809, 7.848753, 29.74931, -28.97797, 29.40067, 2.144834, 30, -28.97797
3 : 30, 2.703547, 30, -30.04415, 29.60167, -20.77841, 30, -30.04415
4 : 30, 47.99954, 29.05004, -43.19175, 29.34505, 19.37331, 28.7711, -43.19175

7 Genetic : 2.01865 Moved
1 : 28.92962, 28.50743, 28.98853, 58.45278, 30, -45.52139, 30, 58.45278
2 : 29.76809, 7.848753, 29.74931, -28.97797, 29.40067, 2.144834, 30, -28.97797
3 : 30, 2.703547, 30, -30.04415, 29.60167, -20.77841, 30, -30.04415
4 : 30, 47.99954, 29.05004, -43.19175, 29.34505, 19.37331, 28.7711, -43.19175

8 Genetic : 1.891487 Moved
1 : 28.92962, 28.50743, 28.98853, 58.45278, 30, -45.52139, 30, 58.45278
2 : 29.76809, 7.848753, 29.74931, -28.97797, 29.40067, 2.144834, 30, -28.97797
3 : 30, 2.703547, 30, -30.04415, 29.60167, -20.77841, 30, -30.04415
4 : 30, 47.99954, 29.05004, -43.19175, 29.34505, 19.37331, 28.7711, -43.19175

9 Genetic : 1.874808 Moved
1 : 28.92962, 28.50743, 28.98853, 58.45278, 30, -45.52139, 30, 58.45278
2 : 29.76809, 7.848753, 29.74931, -28.97797, 29.40067, 2.144834, 30, -28.97797
3 : 30, 2.703547, 30, -30.04415, 29.60167, -20.77841, 30, -30.04415
4 : 30, 47.99954, 29.05004, -43.19175, 29.34505, 19.37331, 28.7711, -43.19175

10 Genetic : 1.790688 Moved
1 : 28.92962, 28.50743, 28.98853, 58.45278, 30, -45.52139, 30, 58.45278
2 : 29.76809, 7.848753, 29.74931, -28.97797, 29.40067, 2.144834, 30, -28.97797
3 : 30, 2.703547, 30, -30.04415, 29.60167, -20.77841, 30, -30.04415
4 : 30, 47.99954, 29.05004, -43.19175, 29.34505, 19.37331, 28.7711, -43.19175

11 Genetic : 1.766035 Moved
1 : 28.92962, 28.50743, 28.98853, 58.45278, 30, -45.52139, 30, 58.45278
2 : 29.76809, 7.848753, 29.74931, -28.97797, 29.40067, 2.144834, 30, -28.97797
3 : 30, 2.703547, 30, -30.04415, 29.60167, -20.77841, 30, -30.04415
4 : 30, 47.99954, 29.05004, -43.19175, 29.34505, 19.37331, 28.7711, -43.19175

12 Genetic : 1.758257 Moved
1 : 28.92962, 28.50743, 28.98853, 58.45278, 30, -45.52139, 30, 58.45278
2 : 29.76809, 7.848753, 29.74931, -28.97797, 29.40067, 2.144834, 30, -28.97797
3 : 30, 2.703547, 30, -30.04415, 29.60167, -20.77841, 30, -30.04415
4 : 30, 47.99954, 29.05004, -43.19175, 29.34505, 19.37331, 28.7711, -43.19175

13 Genetic : 1.730216 Moved
1 : 28.92962, 28.50743, 28.98853, 58.45278, 30, -45.52139, 30, 58.45278
2 : 29.76809, 7.848753, 29.74931, -28.97797, 29.40067, 2.144834, 30, -28.97797
3 : 30, 2.703547, 30, -30.04415, 29.60167, -20.77841, 30, -30.04415
4 : 30, 47.99954, 29.05004, -43.19175, 29.34505, 19.37331, 28.7711, -43.19175

14 Genetic : 1.644042 Moved
1 : 28.92962, 28.50743, 28.98853, 58.45278, 30, -45.52139, 30, 58.45278
2 : 29.76809, 7.848753, 29.74931, -28.97797, 29.40067, 2.144834, 30, -28.97797
3 : 30, 2.703547, 30, -30.04415, 29.60167, -20.77841, 30, -30.04415
4 : 30, 47.99954, 29.05004, -43.19175, 29.34505, 19.37331, 28.7711, -43.19175

15 Genetic : 1.639491 Moved
1 : 28.92962, 28.50743, 28.98853, 58.45278, 30, -45.52139, 30, 58.45278
2 : 29.76809, 7.848753, 29.74931, -28.97797, 29.40067, 2.144834, 30, -28.97797
3 : 30, 2.703547, 30, -30.04415, 29.60167, -20.77841, 30, -30.04415
4 : 30, 47.99954, 29.05004, -43.19175, 29.34505, 19.37331, 28.7711, -43.19175

16 Genetic : 1.594233 Moved
1 : 28.92962, 28.50743, 28.98853, 58.45278, 30, -45.52139, 30, 58.45278
2 : 29.76809, 7.848753, 29.74931, -28.97797, 29.40067, 2.144834, 30, -28.97797
3 : 30, 2.703547, 30, -30.04415, 29.60167, -20.77841, 30, -30.04415
4 : 30, 47.99954, 29.05004, -43.19175, 29.34505, 19.37331, 28.7711, -43.19175

17 Genetic : 1.593958 Moved
1 : 28.92962, 28.50743, 28.98853, 58.45278, 30, -45.52139, 30, 58.45278
2 : 29.76809, 7.848753, 29.74931, -28.97797, 29.40067, 2.144834, 30, -28.97797
3 : 30, 2.703547, 30, -30.04415, 29.60167, -20.77841, 30, -30.04415
4 : 30, 47.99954, 29.05004, -43.19175, 29.34505, 19.37331, 28.7711, -43.19175

18 Genetic : 1.591144 Moved
1 : 28.92962, 28.50743, 28.98853, 58.45278, 30, -45.52139, 30, 58.45278
2 : 29.76809, 7.848753, 29.74931, -28.97797, 29.40067, 2.144834, 30, -28.97797
3 : 30, 2.703547, 30, -30.04415, 29.60167, -20.77841, 30, -30.04415
4 : 30, 47.99954, 29.05004, -43.19175, 29.34505, 19.37331, 28.7711, -43.19175

19 Genetic : 1.482943 Moved
1 : 28.92962, 28.50743, 28.98853, 58.45278, 30, -45.52139, 30, 58.45278
2 : 29.76809, 7.848753, 29.74931, -28.97797, 29.40067, 2.144834, 30, -28.97797
3 : 30, 2.703547, 30, -30.04415, 29.60167, -20.77841, 30, -30.04415
4 : 30, 47.99954, 29.05004, -43.19175, 29.34505, 19.37331, 28.7711, -43.19175

20 Genetic : 1.481866 Moved
1 : 28.92962, 28.50743, 28.98853, 58.45278, 30, -45.52139, 30, 58.45278
2 : 29.76809, 7.848753, 29.74931, -28.97797, 29.40067, 2.144834, 30, -28.97797
3 : 30, 2.703547, 30, -30.04415, 29.60167, -20.77841, 30, -30.04415
4 : 30, 47.99954, 29.05004, -43.19175, 29.34505, 19.37331, 28.7711, -43.19175

21 Genetic : 1.459855 Moved
1 : 28.92962, 28.50743, 28.98853, 58.45278, 30, -45.52139, 30, 58.45278
2 : 29.76809, 7.848753, 29.74931, -28.97797, 29.40067, 2.144834, 30, -28.97797
3 : 30, 2.703547, 30, -30.04415, 29.60167, -20.77841, 30, -30.04415
4 : 30, 47.99954, 29.05004, -43.19175, 29.34505, 19.37331, 28.7711, -43.19175

22 Genetic : 1.427149 Moved
1 : 28.92962, 28.50743, 28.98853, 58.45278, 30, -45.52139, 30, 58.45278
2 : 29.76809, 7.848753, 29.74931, -28.97797, 29.40067, 2.144834, 30, -28.97797
3 : 30, 2.703547, 30, -30.04415, 29.60167, -20.77841, 30, -30.04415
4 : 30, 47.99954, 29.05004, -43.19175, 29.34505, 19.37331, 28.7711, -43.19175

23 Genetic : 1.310461 Moved
1 : 28.92962, 28.50743, 28.98853, 58.45278, 30, -45.52139, 30, 58.45278
2 : 29.76809, 7.848753, 29.74931, -28.97797, 29.40067, 2.144834, 30, -28.97797
3 : 30, 2.703547, 30, -30.04415, 29.60167, -20.77841, 30, -30.04415
4 : 30, 47.99954, 29.05004, -43.19175, 29.34505, 19.37331, 28.7711, -43.19175

24 Genetic : 1.306099 Moved
1 : 28.92962, 28.50743, 28.98853, 58.45278, 30, -45.52139, 30, 58.45278
2 : 29.76809, 7.848753, 29.74931, -28.97797, 29.40067, 2.144834, 30, -28.97797
3 : 30, 2.703547, 30, -30.04415, 29.60167, -20.77841, 30, -30.04415
4 : 30, 47.99954, 29.05004, -43.19175, 29.34505, 19.37331, 28.7711, -43.19175

25 Genetic : 1.297547 Moved
1 : 28.92962, 28.50743, 28.98853, 58.45278, 30, -45.52139, 30, 58.45278
2 : 29.76809, 7.848753, 29.74931, -28.97797, 29.40067, 2.144834, 30, -28.97797
3 : 30, 2.703547, 30, -30.04415, 29.60167, -20.77841, 30, -30.04415
4 : 30, 47.99954, 29.05004, -43.19175, 29.34505, 19.37331, 28.7711, -43.19175

26 Genetic : 1.218721 Moved
1 : 28.92962, 28.50743, 28.98853, 58.45278, 30, -45.52139, 30, 58.45278
2 : 29.76809, 7.848753, 29.74931, -28.97797, 29.40067, 2.144834, 30, -28.97797
3 : 30, 2.703547, 30, -30.04415, 29.60167, -20.77841, 30, -30.04415
4 : 30, 47.99954, 29.05004, -43.19175, 29.34505, 19.37331, 28.7711, -43.19175

27 Genetic : 1.194296 Moved
1 : 28.92962, 28.50743, 28.98853, 58.45278, 30, -45.52139, 30, 58.45278
2 : 29.76809, 7.848753, 29.74931, -28.97797, 29.40067, 2.144834, 30, -28.97797
3 : 30, 2.703547, 30, -30.04415, 29.60167, -20.77841, 30, -30.04415
4 : 30, 47.99954, 29.05004, -43.19175, 29.34505, 19.37331, 28.7711, -43.19175

28 Genetic : 1.16413 Moved
1 : 28.92962, 28.50743, 28.98853, 58.45278, 30, -45.52139, 30, 58.45278
2 : 29.76809, 7.848753, 29.74931, -28.97797, 29.40067, 2.144834, 30, -28.97797
3 : 30, 2.703547, 30, -30.04415, 29.60167, -20.77841, 30, -30.04415
4 : 30, 47.99954, 29.05004, -43.19175, 29.34505, 19.37331, 28.7711, -43.19175

29 Genetic : 1.126922 Moved
1 : 28.92962, 28.50743, 28.98853, 58.45278, 30, -45.52139, 30, 58.45278
2 : 29.76809, 7.848753, 29.74931, -28.97797, 29.40067, 2.144834, 30, -28.97797
3 : 30, 2.703547, 30, -30.04415, 29.60167, -20.77841, 30, -30.04415
4 : 30, 47.99954, 29.05004, -43.19175, 29.34505, 19.37331, 28.7711, -43.19175

30 Genetic : 1.067818 Moved
1 : 28.92962, 28.50743, 28.98853, 58.45278, 30, -45.52139, 30, 58.45278
2 : 29.76809, 7.848753, 29.74931, -28.97797, 29.40067, 2.144834, 30, -28.97797
3 : 30, 2.703547, 30, -30.04415, 29.60167, -20.77841, 30, -30.04415
4 : 30, 47.99954, 29.05004, -43.19175, 29.34505, 19.37331, 28.7711, -43.19175

31 Genetic : 1.049524 Moved
1 : 28.92962, 28.50743, 28.98853, 58.45278, 30, -45.52139, 30, 58.45278
2 : 29.76809, 7.848753, 29.74931, -28.97797, 29.40067, 2.144834, 30, -28.97797
3 : 30, 2.703547, 30, -30.04415, 29.60167, -20.77841, 30, -30.04415
4 : 30, 47.99954, 29.05004, -43.19175, 29.34505, 19.37331, 28.7711, -43.19175

32 Genetic : 1.036222 Moved
1 : 28.92962, 28.50743, 28.98853, 58.45278, 30, -45.52139, 30, 58.45278
2 : 29.76809, 7.848753, 29.74931, -28.97797, 29.40067, 2.144834, 30, -28.97797
3 : 30, 2.703547, 30, -30.04415, 29.60167, -20.77841, 30, -30.04415
4 : 30, 47.99954, 29.05004, -43.19175, 29.34505, 19.37331, 28.7711, -43.19175

