1 Genetic : 6.928503 Moved
1 : 29.34428, 50.77641, 29.58161, 3.51255, 29.50367, -26.62265, 30, 3.51255
2 : 30, 28.59015, 30, -39.29832, 28.88941, -17.03056, 28.18237, -39.29832
3 : 30, -41.32313, 28.16483, -56.07815, 30, -4.069905, 30, -56.07815
4 : 29.43682, 34.01775, 30, -51.49479, 30, 1.419275, 28.00181, -51.49479

2 Genetic : 6.062454 Moved
1 : 29.34428, 50.77641, 29.58161, 3.51255, 29.50367, -26.62265, 30, 3.51255
2 : 30, 28.59015, 30, -39.29832, 28.88941, -17.03056, 28.18237, -39.29832
3 : 30, -41.32313, 28.16483, -56.07815, 30, -4.069905, 30, -56.07815
4 : 29.43682, 34.01775, 30, -51.49479, 30, 1.419275, 28.00181, -51.49479

3 Genetic : 6.037334 Moved
1 : 29.34428, 50.77641, 29.58161, 3.51255, 29.50367, -26.62265, 30, 3.51255
2 : 30, 28.59015, 30, -39.29832, 28.88941, -17.03056, 28.18237, -39.29832
3 : 30, -41.32313, 28.16483, -56.07815, 30, -4.069905, 30, -56.07815
4 : 29.43682, 34.01775, 30, -51.49479, 30, 1.419275, 28.00181, -51.49479

4 Genetic : 5.965485 Moved
1 : 29.34428, 50.77641, 29.58161, 3.51255, 29.50367, -26.62265, 30, 3.51255
2 : 30, 28.59015, 30, -39.29832, 28.88941, -17.03056, 28.18237, -39.29832
3 : 30, -41.32313, 28.16483, -56.07815, 30, -4.069905, 30, -56.07815
4 : 29.43682, 34.01775, 30, -51.49479, 30, 1.419275, 28.00181, -51.49479

5 Genetic : 5.964272 Moved
1 : 29.34428, 50.77641, 29.58161, 3.51255, 29.50367, -26.62265, 30, 3.51255
2 : 30, 28.59015, 30, -39.29832, 28.88941, -17.03056, 28.18237, -39.29832
3 : 30, -41.32313, 28.16483, -56.07815, 30, -4.069905, 30, -56.07815
4 : 29.43682, 34.01775, 30, -51.49479, 30, 1.419275, 28.00181, -51.49479

6 Genetic : 5.857974 Moved
1 : 29.34428, 50.77641, 29.58161, 3.51255, 29.50367, -26.62265, 30, 3.51255
2 : 30, 28.59015, 30, -39.29832, 28.88941, -17.03056, 28.18237, -39.29832
3 : 30, -41.32313, 28.16483, -56.07815, 30, -4.069905, 30, -56.07815
4 : 29.43682, 34.01775, 30, -51.49479, 30, 1.419275, 28.00181, -51.49479

7 Genetic : 5.522083 Moved
1 : 29.34428, 50.77641, 29.58161, 3.51255, 29.50367, -26.62265, 30, 3.51255
2 : 30, 28.59015, 30, -39.29832, 28.88941, -17.03056, 28.18237, -39.29832
3 : 30, -41.32313, 28.16483, -56.07815, 30, -4.069905, 30, -56.07815
4 : 29.43682, 34.01775, 30, -51.49479, 30, 1.419275, 28.00181, -51.49479

8 Genetic : 5.367144 Moved
1 : 29.34428, 50.77641, 29.58161, 3.51255, 29.50367, -26.62265, 30, 3.51255
2 : 30, 28.59015, 30, -39.29832, 28.88941, -17.03056, 28.18237, -39.29832
3 : 30, -41.32313, 28.16483, -56.07815, 30, -4.069905, 30, -56.07815
4 : 29.43682, 34.01775, 30, -51.49479, 30, 1.419275, 28.00181, -51.49479

9 Genetic : 5.348806 Moved
1 : 29.34428, 50.77641, 29.58161, 3.51255, 29.50367, -26.62265, 30, 3.51255
2 : 30, 28.59015, 30, -39.29832, 28.88941, -17.03056, 28.18237, -39.29832
3 : 30, -41.32313, 28.16483, -56.07815, 30, -4.069905, 30, -56.07815
4 : 29.43682, 34.01775, 30, -51.49479, 30, 1.419275, 28.00181, -51.49479

10 Genetic : 5.228748 Moved
1 : 29.34428, 50.77641, 29.58161, 3.51255, 29.50367, -26.62265, 30, 3.51255
2 : 30, 28.59015, 30, -39.29832, 28.88941, -17.03056, 28.18237, -39.29832
3 : 30, -41.32313, 28.16483, -56.07815, 30, -4.069905, 30, -56.07815
4 : 29.43682, 34.01775, 30, -51.49479, 30, 1.419275, 28.00181, -51.49479

11 Genetic : 4.974606 Moved
1 : 29.34428, 50.77641, 29.58161, 3.51255, 29.50367, -26.62265, 30, 3.51255
2 : 30, 28.59015, 30, -39.29832, 28.88941, -17.03056, 28.18237, -39.29832
3 : 30, -41.32313, 28.16483, -56.07815, 30, -4.069905, 30, -56.07815
4 : 29.43682, 34.01775, 30, -51.49479, 30, 1.419275, 28.00181, -51.49479

12 Genetic : 4.902178 Moved
1 : 29.34428, 50.77641, 29.58161, 3.51255, 29.50367, -26.62265, 30, 3.51255
2 : 30, 28.59015, 30, -39.29832, 28.88941, -17.03056, 28.18237, -39.29832
3 : 30, -41.32313, 28.16483, -56.07815, 30, -4.069905, 30, -56.07815
4 : 29.43682, 34.01775, 30, -51.49479, 30, 1.419275, 28.00181, -51.49479

13 Genetic : 4.783674 Moved
1 : 29.34428, 50.77641, 29.58161, 3.51255, 29.50367, -26.62265, 30, 3.51255
2 : 30, 28.59015, 30, -39.29832, 28.88941, -17.03056, 28.18237, -39.29832
3 : 30, -41.32313, 28.16483, -56.07815, 30, -4.069905, 30, -56.07815
4 : 29.43682, 34.01775, 30, -51.49479, 30, 1.419275, 28.00181, -51.49479

14 Genetic : 4.768853 Moved
1 : 29.34428, 50.77641, 29.58161, 3.51255, 29.50367, -26.62265, 30, 3.51255
2 : 30, 28.59015, 30, -39.29832, 28.88941, -17.03056, 28.18237, -39.29832
3 : 30, -41.32313, 28.16483, -56.07815, 30, -4.069905, 30, -56.07815
4 : 29.43682, 34.01775, 30, -51.49479, 30, 1.419275, 28.00181, -51.49479

15 Genetic : 4.678136 Moved
1 : 29.34428, 50.77641, 29.58161, 3.51255, 29.50367, -26.62265, 30, 3.51255
2 : 30, 28.59015, 30, -39.29832, 28.88941, -17.03056, 28.18237, -39.29832
3 : 30, -41.32313, 28.16483, -56.07815, 30, -4.069905, 30, -56.07815
4 : 29.43682, 34.01775, 30, -51.49479, 30, 1.419275, 28.00181, -51.49479

16 Genetic : 4.547195 Moved
1 : 29.34428, 50.77641, 29.58161, 3.51255, 29.50367, -26.62265, 30, 3.51255
2 : 30, 28.59015, 30, -39.29832, 28.88941, -17.03056, 28.18237, -39.29832
3 : 30, -41.32313, 28.16483, -56.07815, 30, -4.069905, 30, -56.07815
4 : 29.43682, 34.01775, 30, -51.49479, 30, 1.419275, 28.00181, -51.49479

17 Genetic : 4.483006 Moved
1 : 29.34428, 50.77641, 29.58161, 3.51255, 29.50367, -26.62265, 30, 3.51255
2 : 30, 28.59015, 30, -39.29832, 28.88941, -17.03056, 28.18237, -39.29832
3 : 30, -41.32313, 28.16483, -56.07815, 30, -4.069905, 30, -56.07815
4 : 29.43682, 34.01775, 30, -51.49479, 30, 1.419275, 28.00181, -51.49479

18 Genetic : 4.266984 Moved
1 : 29.34428, 50.77641, 29.58161, 3.51255, 29.50367, -26.62265, 30, 3.51255
2 : 30, 28.59015, 30, -39.29832, 28.88941, -17.03056, 28.18237, -39.29832
3 : 30, -41.32313, 28.16483, -56.07815, 30, -4.069905, 30, -56.07815
4 : 29.43682, 34.01775, 30, -51.49479, 30, 1.419275, 28.00181, -51.49479

19 Genetic : 4.186287 Moved
1 : 29.34428, 50.77641, 29.58161, 3.51255, 29.50367, -26.62265, 30, 3.51255
2 : 30, 28.59015, 30, -39.29832, 28.88941, -17.03056, 28.18237, -39.29832
3 : 30, -41.32313, 28.16483, -56.07815, 30, -4.069905, 30, -56.07815
4 : 29.43682, 34.01775, 30, -51.49479, 30, 1.419275, 28.00181, -51.49479

20 Genetic : 3.973157 Moved
1 : 29.34428, 50.77641, 29.58161, 3.51255, 29.50367, -26.62265, 30, 3.51255
2 : 30, 28.59015, 30, -39.29832, 28.88941, -17.03056, 28.18237, -39.29832
3 : 30, -41.32313, 28.16483, -56.07815, 30, -4.069905, 30, -56.07815
4 : 29.43682, 34.01775, 30, -51.49479, 30, 1.419275, 28.00181, -51.49479

21 Genetic : 3.954084 Moved
1 : 29.34428, 50.77641, 29.58161, 3.51255, 29.50367, -26.62265, 30, 3.51255
2 : 30, 28.59015, 30, -39.29832, 28.88941, -17.03056, 28.18237, -39.29832
3 : 30, -41.32313, 28.16483, -56.07815, 30, -4.069905, 30, -56.07815
4 : 29.43682, 34.01775, 30, -51.49479, 30, 1.419275, 28.00181, -51.49479

22 Genetic : 3.842172 Moved
1 : 29.34428, 50.77641, 29.58161, 3.51255, 29.50367, -26.62265, 30, 3.51255
2 : 30, 28.59015, 30, -39.29832, 28.88941, -17.03056, 28.18237, -39.29832
3 : 30, -41.32313, 28.16483, -56.07815, 30, -4.069905, 30, -56.07815
4 : 29.43682, 34.01775, 30, -51.49479, 30, 1.419275, 28.00181, -51.49479

23 Genetic : 3.747293 Moved
1 : 29.34428, 50.77641, 29.58161, 3.51255, 29.50367, -26.62265, 30, 3.51255
2 : 30, 28.59015, 30, -39.29832, 28.88941, -17.03056, 28.18237, -39.29832
3 : 30, -41.32313, 28.16483, -56.07815, 30, -4.069905, 30, -56.07815
4 : 29.43682, 34.01775, 30, -51.49479, 30, 1.419275, 28.00181, -51.49479

24 Genetic : 3.73898 Moved
1 : 29.34428, 50.77641, 29.58161, 3.51255, 29.50367, -26.62265, 30, 3.51255
2 : 30, 28.59015, 30, -39.29832, 28.88941, -17.03056, 28.18237, -39.29832
3 : 30, -41.32313, 28.16483, -56.07815, 30, -4.069905, 30, -56.07815
4 : 29.43682, 34.01775, 30, -51.49479, 30, 1.419275, 28.00181, -51.49479

25 Genetic : 3.716782 Moved
1 : 29.34428, 50.77641, 29.58161, 3.51255, 29.50367, -26.62265, 30, 3.51255
2 : 30, 28.59015, 30, -39.29832, 28.88941, -17.03056, 28.18237, -39.29832
3 : 30, -41.32313, 28.16483, -56.07815, 30, -4.069905, 30, -56.07815
4 : 29.43682, 34.01775, 30, -51.49479, 30, 1.419275, 28.00181, -51.49479

26 Genetic : 3.700742 Moved
1 : 29.34428, 50.77641, 29.58161, 3.51255, 29.50367, -26.62265, 30, 3.51255
2 : 30, 28.59015, 30, -39.29832, 28.88941, -17.03056, 28.18237, -39.29832
3 : 30, -41.32313, 28.16483, -56.07815, 30, -4.069905, 30, -56.07815
4 : 29.43682, 34.01775, 30, -51.49479, 30, 1.419275, 28.00181, -51.49479

27 Genetic : 3.690705 Moved
1 : 29.34428, 50.77641, 29.58161, 3.51255, 29.50367, -26.62265, 30, 3.51255
2 : 30, 28.59015, 30, -39.29832, 28.88941, -17.03056, 28.18237, -39.29832
3 : 30, -41.32313, 28.16483, -56.07815, 30, -4.069905, 30, -56.07815
4 : 29.43682, 34.01775, 30, -51.49479, 30, 1.419275, 28.00181, -51.49479

28 Genetic : 3.678251 Moved
1 : 29.34428, 50.77641, 29.58161, 3.51255, 29.50367, -26.62265, 30, 3.51255
2 : 30, 28.59015, 30, -39.29832, 28.88941, -17.03056, 28.18237, -39.29832
3 : 30, -41.32313, 28.16483, -56.07815, 30, -4.069905, 30, -56.07815
4 : 29.43682, 34.01775, 30, -51.49479, 30, 1.419275, 28.00181, -51.49479

29 Genetic : 3.399966 Moved
1 : 29.34428, 50.77641, 29.58161, 3.51255, 29.50367, -26.62265, 30, 3.51255
2 : 30, 28.59015, 30, -39.29832, 28.88941, -17.03056, 28.18237, -39.29832
3 : 30, -41.32313, 28.16483, -56.07815, 30, -4.069905, 30, -56.07815
4 : 29.43682, 34.01775, 30, -51.49479, 30, 1.419275, 28.00181, -51.49479

30 Genetic : 3.378011 Moved
1 : 29.34428, 50.77641, 29.58161, 3.51255, 29.50367, -26.62265, 30, 3.51255
2 : 30, 28.59015, 30, -39.29832, 28.88941, -17.03056, 28.18237, -39.29832
3 : 30, -41.32313, 28.16483, -56.07815, 30, -4.069905, 30, -56.07815
4 : 29.43682, 34.01775, 30, -51.49479, 30, 1.419275, 28.00181, -51.49479

31 Genetic : 3.327318 Moved
1 : 29.34428, 50.77641, 29.58161, 3.51255, 29.50367, -26.62265, 30, 3.51255
2 : 30, 28.59015, 30, -39.29832, 28.88941, -17.03056, 28.18237, -39.29832
3 : 30, -41.32313, 28.16483, -56.07815, 30, -4.069905, 30, -56.07815
4 : 29.43682, 34.01775, 30, -51.49479, 30, 1.419275, 28.00181, -51.49479

32 Genetic : 3.229499 Moved
1 : 29.34428, 50.77641, 29.58161, 3.51255, 29.50367, -26.62265, 30, 3.51255
2 : 30, 28.59015, 30, -39.29832, 28.88941, -17.03056, 28.18237, -39.29832
3 : 30, -41.32313, 28.16483, -56.07815, 30, -4.069905, 30, -56.07815
4 : 29.43682, 34.01775, 30, -51.49479, 30, 1.419275, 28.00181, -51.49479

