1 Genetic : 8.38036 Moved
1 : 30, 58.76442, 29.5741, 1.169149, 30, -57.72147, 30, 1.169149
2 : 29.41101, -5.31222, 30, -26.87158, 30, -48.57753, 30, -26.87158
3 : 30, -22.27139, 30, -58.95853, 30, -16.67033, 29.91195, -58.95853
4 : 29.53617, 24.48953, 30, -39.67329, 29.3108, 20.57275, 30, -39.67329

2 Genetic : 8.013412 Moved
1 : 30, 58.76442, 29.5741, 1.169149, 30, -57.72147, 30, 1.169149
2 : 29.41101, -5.31222, 30, -26.87158, 30, -48.57753, 30, -26.87158
3 : 30, -22.27139, 30, -58.95853, 30, -16.67033, 29.91195, -58.95853
4 : 29.53617, 24.48953, 30, -39.67329, 29.3108, 20.57275, 30, -39.67329

3 Genetic : 7.803365 Moved
1 : 30, 58.76442, 29.5741, 1.169149, 30, -57.72147, 30, 1.169149
2 : 29.41101, -5.31222, 30, -26.87158, 30, -48.57753, 30, -26.87158
3 : 30, -22.27139, 30, -58.95853, 30, -16.67033, 29.91195, -58.95853
4 : 29.53617, 24.48953, 30, -39.67329, 29.3108, 20.57275, 30, -39.67329

4 Genetic : 7.404243 Moved
1 : 30, 58.76442, 29.5741, 1.169149, 30, -57.72147, 30, 1.169149
2 : 29.41101, -5.31222, 30, -26.87158, 30, -48.57753, 30, -26.87158
3 : 30, -22.27139, 30, -58.95853, 30, -16.67033, 29.91195, -58.95853
4 : 29.53617, 24.48953, 30, -39.67329, 29.3108, 20.57275, 30, -39.67329

5 Genetic : 6.815021 Moved
1 : 30, 58.76442, 29.5741, 1.169149, 30, -57.72147, 30, 1.169149
2 : 29.41101, -5.31222, 30, -26.87158, 30, -48.57753, 30, -26.87158
3 : 30, -22.27139, 30, -58.95853, 30, -16.67033, 29.91195, -58.95853
4 : 29.53617, 24.48953, 30, -39.67329, 29.3108, 20.57275, 30, -39.67329

6 Genetic : 6.653815 Moved
1 : 30, 58.76442, 29.5741, 1.169149, 30, -57.72147, 30, 1.169149
2 : 29.41101, -5.31222, 30, -26.87158, 30, -48.57753, 30, -26.87158
3 : 30, -22.27139, 30, -58.95853, 30, -16.67033, 29.91195, -58.95853
4 : 29.53617, 24.48953, 30, -39.67329, 29.3108, 20.57275, 30, -39.67329

7 Genetic : 6.342149 Moved
1 : 30, 58.76442, 29.5741, 1.169149, 30, -57.72147, 30, 1.169149
2 : 29.41101, -5.31222, 30, -26.87158, 30, -48.57753, 30, -26.87158
3 : 30, -22.27139, 30, -58.95853, 30, -16.67033, 29.91195, -58.95853
4 : 29.53617, 24.48953, 30, -39.67329, 29.3108, 20.57275, 30, -39.67329

8 Genetic : 6.293298 Moved
1 : 30, 58.76442, 29.5741, 1.169149, 30, -57.72147, 30, 1.169149
2 : 29.41101, -5.31222, 30, -26.87158, 30, -48.57753, 30, -26.87158
3 : 30, -22.27139, 30, -58.95853, 30, -16.67033, 29.91195, -58.95853
4 : 29.53617, 24.48953, 30, -39.67329, 29.3108, 20.57275, 30, -39.67329

9 Genetic : 6.221534 Moved
1 : 30, 58.76442, 29.5741, 1.169149, 30, -57.72147, 30, 1.169149
2 : 29.41101, -5.31222, 30, -26.87158, 30, -48.57753, 30, -26.87158
3 : 30, -22.27139, 30, -58.95853, 30, -16.67033, 29.91195, -58.95853
4 : 29.53617, 24.48953, 30, -39.67329, 29.3108, 20.57275, 30, -39.67329

10 Genetic : 5.982327 Moved
1 : 30, 58.76442, 29.5741, 1.169149, 30, -57.72147, 30, 1.169149
2 : 29.41101, -5.31222, 30, -26.87158, 30, -48.57753, 30, -26.87158
3 : 30, -22.27139, 30, -58.95853, 30, -16.67033, 29.91195, -58.95853
4 : 29.53617, 24.48953, 30, -39.67329, 29.3108, 20.57275, 30, -39.67329

11 Genetic : 5.949109 Moved
1 : 30, 58.76442, 29.5741, 1.169149, 30, -57.72147, 30, 1.169149
2 : 29.41101, -5.31222, 30, -26.87158, 30, -48.57753, 30, -26.87158
3 : 30, -22.27139, 30, -58.95853, 30, -16.67033, 29.91195, -58.95853
4 : 29.53617, 24.48953, 30, -39.67329, 29.3108, 20.57275, 30, -39.67329

12 Genetic : 5.887483 Moved
1 : 30, 58.76442, 29.5741, 1.169149, 30, -57.72147, 30, 1.169149
2 : 29.41101, -5.31222, 30, -26.87158, 30, -48.57753, 30, -26.87158
3 : 30, -22.27139, 30, -58.95853, 30, -16.67033, 29.91195, -58.95853
4 : 29.53617, 24.48953, 30, -39.67329, 29.3108, 20.57275, 30, -39.67329

13 Genetic : 5.679504 Moved
1 : 30, 58.76442, 29.5741, 1.169149, 30, -57.72147, 30, 1.169149
2 : 29.41101, -5.31222, 30, -26.87158, 30, -48.57753, 30, -26.87158
3 : 30, -22.27139, 30, -58.95853, 30, -16.67033, 29.91195, -58.95853
4 : 29.53617, 24.48953, 30, -39.67329, 29.3108, 20.57275, 30, -39.67329

14 Genetic : 5.638382 Moved
1 : 30, 58.76442, 29.5741, 1.169149, 30, -57.72147, 30, 1.169149
2 : 29.41101, -5.31222, 30, -26.87158, 30, -48.57753, 30, -26.87158
3 : 30, -22.27139, 30, -58.95853, 30, -16.67033, 29.91195, -58.95853
4 : 29.53617, 24.48953, 30, -39.67329, 29.3108, 20.57275, 30, -39.67329

15 Genetic : 5.532889 Moved
1 : 30, 58.76442, 29.5741, 1.169149, 30, -57.72147, 30, 1.169149
2 : 29.41101, -5.31222, 30, -26.87158, 30, -48.57753, 30, -26.87158
3 : 30, -22.27139, 30, -58.95853, 30, -16.67033, 29.91195, -58.95853
4 : 29.53617, 24.48953, 30, -39.67329, 29.3108, 20.57275, 30, -39.67329

16 Genetic : 5.280243 Moved
1 : 30, 58.76442, 29.5741, 1.169149, 30, -57.72147, 30, 1.169149
2 : 29.41101, -5.31222, 30, -26.87158, 30, -48.57753, 30, -26.87158
3 : 30, -22.27139, 30, -58.95853, 30, -16.67033, 29.91195, -58.95853
4 : 29.53617, 24.48953, 30, -39.67329, 29.3108, 20.57275, 30, -39.67329

17 Genetic : 5.240019 Moved
1 : 30, 58.76442, 29.5741, 1.169149, 30, -57.72147, 30, 1.169149
2 : 29.41101, -5.31222, 30, -26.87158, 30, -48.57753, 30, -26.87158
3 : 30, -22.27139, 30, -58.95853, 30, -16.67033, 29.91195, -58.95853
4 : 29.53617, 24.48953, 30, -39.67329, 29.3108, 20.57275, 30, -39.67329

18 Genetic : 5.069032 Moved
1 : 30, 58.76442, 29.5741, 1.169149, 30, -57.72147, 30, 1.169149
2 : 29.41101, -5.31222, 30, -26.87158, 30, -48.57753, 30, -26.87158
3 : 30, -22.27139, 30, -58.95853, 30, -16.67033, 29.91195, -58.95853
4 : 29.53617, 24.48953, 30, -39.67329, 29.3108, 20.57275, 30, -39.67329

19 Genetic : 4.873767 Moved
1 : 30, 58.76442, 29.5741, 1.169149, 30, -57.72147, 30, 1.169149
2 : 29.41101, -5.31222, 30, -26.87158, 30, -48.57753, 30, -26.87158
3 : 30, -22.27139, 30, -58.95853, 30, -16.67033, 29.91195, -58.95853
4 : 29.53617, 24.48953, 30, -39.67329, 29.3108, 20.57275, 30, -39.67329

20 Genetic : 4.759399 Moved
1 : 30, 58.76442, 29.5741, 1.169149, 30, -57.72147, 30, 1.169149
2 : 29.41101, -5.31222, 30, -26.87158, 30, -48.57753, 30, -26.87158
3 : 30, -22.27139, 30, -58.95853, 30, -16.67033, 29.91195, -58.95853
4 : 29.53617, 24.48953, 30, -39.67329, 29.3108, 20.57275, 30, -39.67329

21 Genetic : 4.713431 Moved
1 : 30, 58.76442, 29.5741, 1.169149, 30, -57.72147, 30, 1.169149
2 : 29.41101, -5.31222, 30, -26.87158, 30, -48.57753, 30, -26.87158
3 : 30, -22.27139, 30, -58.95853, 30, -16.67033, 29.91195, -58.95853
4 : 29.53617, 24.48953, 30, -39.67329, 29.3108, 20.57275, 30, -39.67329

22 Genetic : 4.533748 Moved
1 : 30, 58.76442, 29.5741, 1.169149, 30, -57.72147, 30, 1.169149
2 : 29.41101, -5.31222, 30, -26.87158, 30, -48.57753, 30, -26.87158
3 : 30, -22.27139, 30, -58.95853, 30, -16.67033, 29.91195, -58.95853
4 : 29.53617, 24.48953, 30, -39.67329, 29.3108, 20.57275, 30, -39.67329

23 Genetic : 4.433243 Moved
1 : 30, 58.76442, 29.5741, 1.169149, 30, -57.72147, 30, 1.169149
2 : 29.41101, -5.31222, 30, -26.87158, 30, -48.57753, 30, -26.87158
3 : 30, -22.27139, 30, -58.95853, 30, -16.67033, 29.91195, -58.95853
4 : 29.53617, 24.48953, 30, -39.67329, 29.3108, 20.57275, 30, -39.67329

24 Genetic : 4.394578 Moved
1 : 30, 58.76442, 29.5741, 1.169149, 30, -57.72147, 30, 1.169149
2 : 29.41101, -5.31222, 30, -26.87158, 30, -48.57753, 30, -26.87158
3 : 30, -22.27139, 30, -58.95853, 30, -16.67033, 29.91195, -58.95853
4 : 29.53617, 24.48953, 30, -39.67329, 29.3108, 20.57275, 30, -39.67329

25 Genetic : 4.343678 Moved
1 : 30, 58.76442, 29.5741, 1.169149, 30, -57.72147, 30, 1.169149
2 : 29.41101, -5.31222, 30, -26.87158, 30, -48.57753, 30, -26.87158
3 : 30, -22.27139, 30, -58.95853, 30, -16.67033, 29.91195, -58.95853
4 : 29.53617, 24.48953, 30, -39.67329, 29.3108, 20.57275, 30, -39.67329

26 Genetic : 4.217234 Moved
1 : 30, 58.76442, 29.5741, 1.169149, 30, -57.72147, 30, 1.169149
2 : 29.41101, -5.31222, 30, -26.87158, 30, -48.57753, 30, -26.87158
3 : 30, -22.27139, 30, -58.95853, 30, -16.67033, 29.91195, -58.95853
4 : 29.53617, 24.48953, 30, -39.67329, 29.3108, 20.57275, 30, -39.67329

27 Genetic : 4.174914 Moved
1 : 30, 58.76442, 29.5741, 1.169149, 30, -57.72147, 30, 1.169149
2 : 29.41101, -5.31222, 30, -26.87158, 30, -48.57753, 30, -26.87158
3 : 30, -22.27139, 30, -58.95853, 30, -16.67033, 29.91195, -58.95853
4 : 29.53617, 24.48953, 30, -39.67329, 29.3108, 20.57275, 30, -39.67329

28 Genetic : 4.165771 Moved
1 : 30, 58.76442, 29.5741, 1.169149, 30, -57.72147, 30, 1.169149
2 : 29.41101, -5.31222, 30, -26.87158, 30, -48.57753, 30, -26.87158
3 : 30, -22.27139, 30, -58.95853, 30, -16.67033, 29.91195, -58.95853
4 : 29.53617, 24.48953, 30, -39.67329, 29.3108, 20.57275, 30, -39.67329

29 Genetic : 4.159384 Moved
1 : 30, 58.76442, 29.5741, 1.169149, 30, -57.72147, 30, 1.169149
2 : 29.41101, -5.31222, 30, -26.87158, 30, -48.57753, 30, -26.87158
3 : 30, -22.27139, 30, -58.95853, 30, -16.67033, 29.91195, -58.95853
4 : 29.53617, 24.48953, 30, -39.67329, 29.3108, 20.57275, 30, -39.67329

30 Genetic : 4.154702 Moved
1 : 30, 58.76442, 29.5741, 1.169149, 30, -57.72147, 30, 1.169149
2 : 29.41101, -5.31222, 30, -26.87158, 30, -48.57753, 30, -26.87158
3 : 30, -22.27139, 30, -58.95853, 30, -16.67033, 29.91195, -58.95853
4 : 29.53617, 24.48953, 30, -39.67329, 29.3108, 20.57275, 30, -39.67329

31 Genetic : 4.097313 Moved
1 : 30, 58.76442, 29.5741, 1.169149, 30, -57.72147, 30, 1.169149
2 : 29.41101, -5.31222, 30, -26.87158, 30, -48.57753, 30, -26.87158
3 : 30, -22.27139, 30, -58.95853, 30, -16.67033, 29.91195, -58.95853
4 : 29.53617, 24.48953, 30, -39.67329, 29.3108, 20.57275, 30, -39.67329

32 Genetic : 4.00107 Moved
1 : 30, 58.76442, 29.5741, 1.169149, 30, -57.72147, 30, 1.169149
2 : 29.41101, -5.31222, 30, -26.87158, 30, -48.57753, 30, -26.87158
3 : 30, -22.27139, 30, -58.95853, 30, -16.67033, 29.91195, -58.95853
4 : 29.53617, 24.48953, 30, -39.67329, 29.3108, 20.57275, 30, -39.67329

