1 Genetic : 5.044512 Moved
1 : 30, 53.65271, 29.46259, -52.64534, 30, -30.28176, 30, -52.64534
2 : 30, -27.43994, 30, -32.61823, 29.50484, -42.78605, 30, -32.61823
3 : 30, -14.03416, 30, -55.46226, 30, -34.69569, 29.94344, -55.46226
4 : 29.53658, -21.76217, 30, -3.111033, 30, 2.9549, 29.85283, -3.111033

2 Genetic : 3.355062 Moved
1 : 30, 53.65271, 29.46259, -52.64534, 30, -30.28176, 30, -52.64534
2 : 30, -27.43994, 30, -32.61823, 29.50484, -42.78605, 30, -32.61823
3 : 30, -14.03416, 30, -55.46226, 30, -34.69569, 29.94344, -55.46226
4 : 29.53658, -21.76217, 30, -3.111033, 30, 2.9549, 29.85283, -3.111033

3 Genetic : 3.346388 Moved
1 : 30, 53.65271, 29.46259, -52.64534, 30, -30.28176, 30, -52.64534
2 : 30, -27.43994, 30, -32.61823, 29.50484, -42.78605, 30, -32.61823
3 : 30, -14.03416, 30, -55.46226, 30, -34.69569, 29.94344, -55.46226
4 : 29.53658, -21.76217, 30, -3.111033, 30, 2.9549, 29.85283, -3.111033

4 Genetic : 3.178173 Moved
1 : 30, 53.65271, 29.46259, -52.64534, 30, -30.28176, 30, -52.64534
2 : 30, -27.43994, 30, -32.61823, 29.50484, -42.78605, 30, -32.61823
3 : 30, -14.03416, 30, -55.46226, 30, -34.69569, 29.94344, -55.46226
4 : 29.53658, -21.76217, 30, -3.111033, 30, 2.9549, 29.85283, -3.111033

5 Genetic : 2.901449 Moved
1 : 30, 53.65271, 29.46259, -52.64534, 30, -30.28176, 30, -52.64534
2 : 30, -27.43994, 30, -32.61823, 29.50484, -42.78605, 30, -32.61823
3 : 30, -14.03416, 30, -55.46226, 30, -34.69569, 29.94344, -55.46226
4 : 29.53658, -21.76217, 30, -3.111033, 30, 2.9549, 29.85283, -3.111033

6 Genetic : 2.635297 Moved
1 : 30, 53.65271, 29.46259, -52.64534, 30, -30.28176, 30, -52.64534
2 : 30, -27.43994, 30, -32.61823, 29.50484, -42.78605, 30, -32.61823
3 : 30, -14.03416, 30, -55.46226, 30, -34.69569, 29.94344, -55.46226
4 : 29.53658, -21.76217, 30, -3.111033, 30, 2.9549, 29.85283, -3.111033

7 Genetic : 2.437565 Moved
1 : 30, 53.65271, 29.46259, -52.64534, 30, -30.28176, 30, -52.64534
2 : 30, -27.43994, 30, -32.61823, 29.50484, -42.78605, 30, -32.61823
3 : 30, -14.03416, 30, -55.46226, 30, -34.69569, 29.94344, -55.46226
4 : 29.53658, -21.76217, 30, -3.111033, 30, 2.9549, 29.85283, -3.111033

8 Genetic : 2.371596 Moved
1 : 30, 53.65271, 29.46259, -52.64534, 30, -30.28176, 30, -52.64534
2 : 30, -27.43994, 30, -32.61823, 29.50484, -42.78605, 30, -32.61823
3 : 30, -14.03416, 30, -55.46226, 30, -34.69569, 29.94344, -55.46226
4 : 29.53658, -21.76217, 30, -3.111033, 30, 2.9549, 29.85283, -3.111033

9 Genetic : 2.235838 Moved
1 : 30, 53.65271, 29.46259, -52.64534, 30, -30.28176, 30, -52.64534
2 : 30, -27.43994, 30, -32.61823, 29.50484, -42.78605, 30, -32.61823
3 : 30, -14.03416, 30, -55.46226, 30, -34.69569, 29.94344, -55.46226
4 : 29.53658, -21.76217, 30, -3.111033, 30, 2.9549, 29.85283, -3.111033

10 Genetic : 2.038716 Moved
1 : 30, 53.65271, 29.46259, -52.64534, 30, -30.28176, 30, -52.64534
2 : 30, -27.43994, 30, -32.61823, 29.50484, -42.78605, 30, -32.61823
3 : 30, -14.03416, 30, -55.46226, 30, -34.69569, 29.94344, -55.46226
4 : 29.53658, -21.76217, 30, -3.111033, 30, 2.9549, 29.85283, -3.111033

11 Genetic : 2.038188 Moved
1 : 30, 53.65271, 29.46259, -52.64534, 30, -30.28176, 30, -52.64534
2 : 30, -27.43994, 30, -32.61823, 29.50484, -42.78605, 30, -32.61823
3 : 30, -14.03416, 30, -55.46226, 30, -34.69569, 29.94344, -55.46226
4 : 29.53658, -21.76217, 30, -3.111033, 30, 2.9549, 29.85283, -3.111033

12 Genetic : 2.033295 Moved
1 : 30, 53.65271, 29.46259, -52.64534, 30, -30.28176, 30, -52.64534
2 : 30, -27.43994, 30, -32.61823, 29.50484, -42.78605, 30, -32.61823
3 : 30, -14.03416, 30, -55.46226, 30, -34.69569, 29.94344, -55.46226
4 : 29.53658, -21.76217, 30, -3.111033, 30, 2.9549, 29.85283, -3.111033

13 Genetic : 2.032554 Moved
1 : 30, 53.65271, 29.46259, -52.64534, 30, -30.28176, 30, -52.64534
2 : 30, -27.43994, 30, -32.61823, 29.50484, -42.78605, 30, -32.61823
3 : 30, -14.03416, 30, -55.46226, 30, -34.69569, 29.94344, -55.46226
4 : 29.53658, -21.76217, 30, -3.111033, 30, 2.9549, 29.85283, -3.111033

14 Genetic : 2.009815 Moved
1 : 30, 53.65271, 29.46259, -52.64534, 30, -30.28176, 30, -52.64534
2 : 30, -27.43994, 30, -32.61823, 29.50484, -42.78605, 30, -32.61823
3 : 30, -14.03416, 30, -55.46226, 30, -34.69569, 29.94344, -55.46226
4 : 29.53658, -21.76217, 30, -3.111033, 30, 2.9549, 29.85283, -3.111033

15 Genetic : 1.988709 Moved
1 : 30, 53.65271, 29.46259, -52.64534, 30, -30.28176, 30, -52.64534
2 : 30, -27.43994, 30, -32.61823, 29.50484, -42.78605, 30, -32.61823
3 : 30, -14.03416, 30, -55.46226, 30, -34.69569, 29.94344, -55.46226
4 : 29.53658, -21.76217, 30, -3.111033, 30, 2.9549, 29.85283, -3.111033

16 Genetic : 1.848269 Moved
1 : 30, 53.65271, 29.46259, -52.64534, 30, -30.28176, 30, -52.64534
2 : 30, -27.43994, 30, -32.61823, 29.50484, -42.78605, 30, -32.61823
3 : 30, -14.03416, 30, -55.46226, 30, -34.69569, 29.94344, -55.46226
4 : 29.53658, -21.76217, 30, -3.111033, 30, 2.9549, 29.85283, -3.111033

17 Genetic : 1.845351 Moved
1 : 30, 53.65271, 29.46259, -52.64534, 30, -30.28176, 30, -52.64534
2 : 30, -27.43994, 30, -32.61823, 29.50484, -42.78605, 30, -32.61823
3 : 30, -14.03416, 30, -55.46226, 30, -34.69569, 29.94344, -55.46226
4 : 29.53658, -21.76217, 30, -3.111033, 30, 2.9549, 29.85283, -3.111033

18 Genetic : 1.834777 Moved
1 : 30, 53.65271, 29.46259, -52.64534, 30, -30.28176, 30, -52.64534
2 : 30, -27.43994, 30, -32.61823, 29.50484, -42.78605, 30, -32.61823
3 : 30, -14.03416, 30, -55.46226, 30, -34.69569, 29.94344, -55.46226
4 : 29.53658, -21.76217, 30, -3.111033, 30, 2.9549, 29.85283, -3.111033

19 Genetic : 1.762752 Moved
1 : 30, 53.65271, 29.46259, -52.64534, 30, -30.28176, 30, -52.64534
2 : 30, -27.43994, 30, -32.61823, 29.50484, -42.78605, 30, -32.61823
3 : 30, -14.03416, 30, -55.46226, 30, -34.69569, 29.94344, -55.46226
4 : 29.53658, -21.76217, 30, -3.111033, 30, 2.9549, 29.85283, -3.111033

20 Genetic : 1.720698 Moved
1 : 30, 53.65271, 29.46259, -52.64534, 30, -30.28176, 30, -52.64534
2 : 30, -27.43994, 30, -32.61823, 29.50484, -42.78605, 30, -32.61823
3 : 30, -14.03416, 30, -55.46226, 30, -34.69569, 29.94344, -55.46226
4 : 29.53658, -21.76217, 30, -3.111033, 30, 2.9549, 29.85283, -3.111033

21 Genetic : 1.699813 Moved
1 : 30, 53.65271, 29.46259, -52.64534, 30, -30.28176, 30, -52.64534
2 : 30, -27.43994, 30, -32.61823, 29.50484, -42.78605, 30, -32.61823
3 : 30, -14.03416, 30, -55.46226, 30, -34.69569, 29.94344, -55.46226
4 : 29.53658, -21.76217, 30, -3.111033, 30, 2.9549, 29.85283, -3.111033

22 Genetic : 1.658365 Moved
1 : 30, 53.65271, 29.46259, -52.64534, 30, -30.28176, 30, -52.64534
2 : 30, -27.43994, 30, -32.61823, 29.50484, -42.78605, 30, -32.61823
3 : 30, -14.03416, 30, -55.46226, 30, -34.69569, 29.94344, -55.46226
4 : 29.53658, -21.76217, 30, -3.111033, 30, 2.9549, 29.85283, -3.111033

23 Genetic : 1.61312 Moved
1 : 30, 53.65271, 29.46259, -52.64534, 30, -30.28176, 30, -52.64534
2 : 30, -27.43994, 30, -32.61823, 29.50484, -42.78605, 30, -32.61823
3 : 30, -14.03416, 30, -55.46226, 30, -34.69569, 29.94344, -55.46226
4 : 29.53658, -21.76217, 30, -3.111033, 30, 2.9549, 29.85283, -3.111033

24 Genetic : 1.546107 Moved
1 : 30, 53.65271, 29.46259, -52.64534, 30, -30.28176, 30, -52.64534
2 : 30, -27.43994, 30, -32.61823, 29.50484, -42.78605, 30, -32.61823
3 : 30, -14.03416, 30, -55.46226, 30, -34.69569, 29.94344, -55.46226
4 : 29.53658, -21.76217, 30, -3.111033, 30, 2.9549, 29.85283, -3.111033

25 Genetic : 1.526517 Moved
1 : 30, 53.65271, 29.46259, -52.64534, 30, -30.28176, 30, -52.64534
2 : 30, -27.43994, 30, -32.61823, 29.50484, -42.78605, 30, -32.61823
3 : 30, -14.03416, 30, -55.46226, 30, -34.69569, 29.94344, -55.46226
4 : 29.53658, -21.76217, 30, -3.111033, 30, 2.9549, 29.85283, -3.111033

26 Genetic : 1.522342 Moved
1 : 30, 53.65271, 29.46259, -52.64534, 30, -30.28176, 30, -52.64534
2 : 30, -27.43994, 30, -32.61823, 29.50484, -42.78605, 30, -32.61823
3 : 30, -14.03416, 30, -55.46226, 30, -34.69569, 29.94344, -55.46226
4 : 29.53658, -21.76217, 30, -3.111033, 30, 2.9549, 29.85283, -3.111033

27 Genetic : 1.503578 Moved
1 : 30, 53.65271, 29.46259, -52.64534, 30, -30.28176, 30, -52.64534
2 : 30, -27.43994, 30, -32.61823, 29.50484, -42.78605, 30, -32.61823
3 : 30, -14.03416, 30, -55.46226, 30, -34.69569, 29.94344, -55.46226
4 : 29.53658, -21.76217, 30, -3.111033, 30, 2.9549, 29.85283, -3.111033

28 Genetic : 1.496278 Moved
1 : 30, 53.65271, 29.46259, -52.64534, 30, -30.28176, 30, -52.64534
2 : 30, -27.43994, 30, -32.61823, 29.50484, -42.78605, 30, -32.61823
3 : 30, -14.03416, 30, -55.46226, 30, -34.69569, 29.94344, -55.46226
4 : 29.53658, -21.76217, 30, -3.111033, 30, 2.9549, 29.85283, -3.111033

29 Genetic : 1.492092 Moved
1 : 30, 53.65271, 29.46259, -52.64534, 30, -30.28176, 30, -52.64534
2 : 30, -27.43994, 30, -32.61823, 29.50484, -42.78605, 30, -32.61823
3 : 30, -14.03416, 30, -55.46226, 30, -34.69569, 29.94344, -55.46226
4 : 29.53658, -21.76217, 30, -3.111033, 30, 2.9549, 29.85283, -3.111033

30 Genetic : 1.32672 Moved
1 : 30, 53.65271, 29.46259, -52.64534, 30, -30.28176, 30, -52.64534
2 : 30, -27.43994, 30, -32.61823, 29.50484, -42.78605, 30, -32.61823
3 : 30, -14.03416, 30, -55.46226, 30, -34.69569, 29.94344, -55.46226
4 : 29.53658, -21.76217, 30, -3.111033, 30, 2.9549, 29.85283, -3.111033

31 Genetic : 1.307235 Moved
1 : 30, 53.65271, 29.46259, -52.64534, 30, -30.28176, 30, -52.64534
2 : 30, -27.43994, 30, -32.61823, 29.50484, -42.78605, 30, -32.61823
3 : 30, -14.03416, 30, -55.46226, 30, -34.69569, 29.94344, -55.46226
4 : 29.53658, -21.76217, 30, -3.111033, 30, 2.9549, 29.85283, -3.111033

32 Genetic : 1.270041 Moved
1 : 30, 53.65271, 29.46259, -52.64534, 30, -30.28176, 30, -52.64534
2 : 30, -27.43994, 30, -32.61823, 29.50484, -42.78605, 30, -32.61823
3 : 30, -14.03416, 30, -55.46226, 30, -34.69569, 29.94344, -55.46226
4 : 29.53658, -21.76217, 30, -3.111033, 30, 2.9549, 29.85283, -3.111033

