1 Genetic : 0.557762 Moved
1 : 30, 36.06689, 29.3523, -51.49852, 29.39496, -26.62147, 30, -51.49852
2 : 30, -18.49981, 29.27348, -19.41004, 30, -44.2167, 29.72169, -19.41004
3 : 29.34805, -4.637572, 29.50281, -45.28197, 28.77408, -57.73946, 30, -45.28197
4 : 29.6703, -50.7543, 28.85954, -11.40315, 30, 24.49432, 29.89211, -11.40315

2 Genetic : 0.4745423 Moved
1 : 30, 36.06689, 29.3523, -51.49852, 29.39496, -26.62147, 30, -51.49852
2 : 30, -18.49981, 29.27348, -19.41004, 30, -44.2167, 29.72169, -19.41004
3 : 29.34805, -4.637572, 29.50281, -45.28197, 28.77408, -57.73946, 30, -45.28197
4 : 29.6703, -50.7543, 28.85954, -11.40315, 30, 24.49432, 29.89211, -11.40315

3 Genetic : 0.4013087 Moved
1 : 30, 36.06689, 29.3523, -51.49852, 29.39496, -26.62147, 30, -51.49852
2 : 30, -18.49981, 29.27348, -19.41004, 30, -44.2167, 29.72169, -19.41004
3 : 29.34805, -4.637572, 29.50281, -45.28197, 28.77408, -57.73946, 30, -45.28197
4 : 29.6703, -50.7543, 28.85954, -11.40315, 30, 24.49432, 29.89211, -11.40315

4 Genetic : 0.3611154 Moved
1 : 30, 36.06689, 29.3523, -51.49852, 29.39496, -26.62147, 30, -51.49852
2 : 30, -18.49981, 29.27348, -19.41004, 30, -44.2167, 29.72169, -19.41004
3 : 29.34805, -4.637572, 29.50281, -45.28197, 28.77408, -57.73946, 30, -45.28197
4 : 29.6703, -50.7543, 28.85954, -11.40315, 30, 24.49432, 29.89211, -11.40315

5 Genetic : 0.3175333 Moved
1 : 30, 36.06689, 29.3523, -51.49852, 29.39496, -26.62147, 30, -51.49852
2 : 30, -18.49981, 29.27348, -19.41004, 30, -44.2167, 29.72169, -19.41004
3 : 29.34805, -4.637572, 29.50281, -45.28197, 28.77408, -57.73946, 30, -45.28197
4 : 29.6703, -50.7543, 28.85954, -11.40315, 30, 24.49432, 29.89211, -11.40315

6 Genetic : 0.1850693 Moved
1 : 30, 36.06689, 29.3523, -51.49852, 29.39496, -26.62147, 30, -51.49852
2 : 30, -18.49981, 29.27348, -19.41004, 30, -44.2167, 29.72169, -19.41004
3 : 29.34805, -4.637572, 29.50281, -45.28197, 28.77408, -57.73946, 30, -45.28197
4 : 29.6703, -50.7543, 28.85954, -11.40315, 30, 24.49432, 29.89211, -11.40315

7 Genetic : 0.175765 Moved
1 : 30, 36.06689, 29.3523, -51.49852, 29.39496, -26.62147, 30, -51.49852
2 : 30, -18.49981, 29.27348, -19.41004, 30, -44.2167, 29.72169, -19.41004
3 : 29.34805, -4.637572, 29.50281, -45.28197, 28.77408, -57.73946, 30, -45.28197
4 : 29.6703, -50.7543, 28.85954, -11.40315, 30, 24.49432, 29.89211, -11.40315

8 Genetic : 0.1376411 Moved
1 : 30, 36.06689, 29.3523, -51.49852, 29.39496, -26.62147, 30, -51.49852
2 : 30, -18.49981, 29.27348, -19.41004, 30, -44.2167, 29.72169, -19.41004
3 : 29.34805, -4.637572, 29.50281, -45.28197, 28.77408, -57.73946, 30, -45.28197
4 : 29.6703, -50.7543, 28.85954, -11.40315, 30, 24.49432, 29.89211, -11.40315

9 Genetic : 0.1373439 Moved
1 : 30, 36.06689, 29.3523, -51.49852, 29.39496, -26.62147, 30, -51.49852
2 : 30, -18.49981, 29.27348, -19.41004, 30, -44.2167, 29.72169, -19.41004
3 : 29.34805, -4.637572, 29.50281, -45.28197, 28.77408, -57.73946, 30, -45.28197
4 : 29.6703, -50.7543, 28.85954, -11.40315, 30, 24.49432, 29.89211, -11.40315

10 Genetic : 0.1361958 Moved
1 : 30, 36.06689, 29.3523, -51.49852, 29.39496, -26.62147, 30, -51.49852
2 : 30, -18.49981, 29.27348, -19.41004, 30, -44.2167, 29.72169, -19.41004
3 : 29.34805, -4.637572, 29.50281, -45.28197, 28.77408, -57.73946, 30, -45.28197
4 : 29.6703, -50.7543, 28.85954, -11.40315, 30, 24.49432, 29.89211, -11.40315

11 Genetic : -0.05102658 Moved
1 : 30, 36.06689, 29.3523, -51.49852, 29.39496, -26.62147, 30, -51.49852
2 : 30, -18.49981, 29.27348, -19.41004, 30, -44.2167, 29.72169, -19.41004
3 : 29.34805, -4.637572, 29.50281, -45.28197, 28.77408, -57.73946, 30, -45.28197
4 : 29.6703, -50.7543, 28.85954, -11.40315, 30, 24.49432, 29.89211, -11.40315

12 Genetic : -0.1231439 Moved
1 : 30, 36.06689, 29.3523, -51.49852, 29.39496, -26.62147, 30, -51.49852
2 : 30, -18.49981, 29.27348, -19.41004, 30, -44.2167, 29.72169, -19.41004
3 : 29.34805, -4.637572, 29.50281, -45.28197, 28.77408, -57.73946, 30, -45.28197
4 : 29.6703, -50.7543, 28.85954, -11.40315, 30, 24.49432, 29.89211, -11.40315

13 Genetic : -0.1448609 Moved
1 : 30, 36.06689, 29.3523, -51.49852, 29.39496, -26.62147, 30, -51.49852
2 : 30, -18.49981, 29.27348, -19.41004, 30, -44.2167, 29.72169, -19.41004
3 : 29.34805, -4.637572, 29.50281, -45.28197, 28.77408, -57.73946, 30, -45.28197
4 : 29.6703, -50.7543, 28.85954, -11.40315, 30, 24.49432, 29.89211, -11.40315

14 Genetic : -0.1998861 Moved
1 : 30, 36.06689, 29.3523, -51.49852, 29.39496, -26.62147, 30, -51.49852
2 : 30, -18.49981, 29.27348, -19.41004, 30, -44.2167, 29.72169, -19.41004
3 : 29.34805, -4.637572, 29.50281, -45.28197, 28.77408, -57.73946, 30, -45.28197
4 : 29.6703, -50.7543, 28.85954, -11.40315, 30, 24.49432, 29.89211, -11.40315

15 Genetic : -0.2147742 Moved
1 : 30, 36.06689, 29.3523, -51.49852, 29.39496, -26.62147, 30, -51.49852
2 : 30, -18.49981, 29.27348, -19.41004, 30, -44.2167, 29.72169, -19.41004
3 : 29.34805, -4.637572, 29.50281, -45.28197, 28.77408, -57.73946, 30, -45.28197
4 : 29.6703, -50.7543, 28.85954, -11.40315, 30, 24.49432, 29.89211, -11.40315

16 Genetic : -0.2372245 Moved
1 : 30, 36.06689, 29.3523, -51.49852, 29.39496, -26.62147, 30, -51.49852
2 : 30, -18.49981, 29.27348, -19.41004, 30, -44.2167, 29.72169, -19.41004
3 : 29.34805, -4.637572, 29.50281, -45.28197, 28.77408, -57.73946, 30, -45.28197
4 : 29.6703, -50.7543, 28.85954, -11.40315, 30, 24.49432, 29.89211, -11.40315

17 Genetic : -0.2709734 Moved
1 : 30, 36.06689, 29.3523, -51.49852, 29.39496, -26.62147, 30, -51.49852
2 : 30, -18.49981, 29.27348, -19.41004, 30, -44.2167, 29.72169, -19.41004
3 : 29.34805, -4.637572, 29.50281, -45.28197, 28.77408, -57.73946, 30, -45.28197
4 : 29.6703, -50.7543, 28.85954, -11.40315, 30, 24.49432, 29.89211, -11.40315

18 Genetic : -0.2751719 Moved
1 : 30, 36.06689, 29.3523, -51.49852, 29.39496, -26.62147, 30, -51.49852
2 : 30, -18.49981, 29.27348, -19.41004, 30, -44.2167, 29.72169, -19.41004
3 : 29.34805, -4.637572, 29.50281, -45.28197, 28.77408, -57.73946, 30, -45.28197
4 : 29.6703, -50.7543, 28.85954, -11.40315, 30, 24.49432, 29.89211, -11.40315

19 Genetic : -0.2948784 Moved
1 : 30, 36.06689, 29.3523, -51.49852, 29.39496, -26.62147, 30, -51.49852
2 : 30, -18.49981, 29.27348, -19.41004, 30, -44.2167, 29.72169, -19.41004
3 : 29.34805, -4.637572, 29.50281, -45.28197, 28.77408, -57.73946, 30, -45.28197
4 : 29.6703, -50.7543, 28.85954, -11.40315, 30, 24.49432, 29.89211, -11.40315

20 Genetic : -0.2978574 Moved
1 : 30, 36.06689, 29.3523, -51.49852, 29.39496, -26.62147, 30, -51.49852
2 : 30, -18.49981, 29.27348, -19.41004, 30, -44.2167, 29.72169, -19.41004
3 : 29.34805, -4.637572, 29.50281, -45.28197, 28.77408, -57.73946, 30, -45.28197
4 : 29.6703, -50.7543, 28.85954, -11.40315, 30, 24.49432, 29.89211, -11.40315

21 Genetic : -0.3722511 Moved
1 : 30, 36.06689, 29.3523, -51.49852, 29.39496, -26.62147, 30, -51.49852
2 : 30, -18.49981, 29.27348, -19.41004, 30, -44.2167, 29.72169, -19.41004
3 : 29.34805, -4.637572, 29.50281, -45.28197, 28.77408, -57.73946, 30, -45.28197
4 : 29.6703, -50.7543, 28.85954, -11.40315, 30, 24.49432, 29.89211, -11.40315

22 Genetic : -0.3839014 Moved
1 : 30, 36.06689, 29.3523, -51.49852, 29.39496, -26.62147, 30, -51.49852
2 : 30, -18.49981, 29.27348, -19.41004, 30, -44.2167, 29.72169, -19.41004
3 : 29.34805, -4.637572, 29.50281, -45.28197, 28.77408, -57.73946, 30, -45.28197
4 : 29.6703, -50.7543, 28.85954, -11.40315, 30, 24.49432, 29.89211, -11.40315

23 Genetic : -0.3903778 Moved
1 : 30, 36.06689, 29.3523, -51.49852, 29.39496, -26.62147, 30, -51.49852
2 : 30, -18.49981, 29.27348, -19.41004, 30, -44.2167, 29.72169, -19.41004
3 : 29.34805, -4.637572, 29.50281, -45.28197, 28.77408, -57.73946, 30, -45.28197
4 : 29.6703, -50.7543, 28.85954, -11.40315, 30, 24.49432, 29.89211, -11.40315

24 Genetic : -0.4421221 Moved
1 : 30, 36.06689, 29.3523, -51.49852, 29.39496, -26.62147, 30, -51.49852
2 : 30, -18.49981, 29.27348, -19.41004, 30, -44.2167, 29.72169, -19.41004
3 : 29.34805, -4.637572, 29.50281, -45.28197, 28.77408, -57.73946, 30, -45.28197
4 : 29.6703, -50.7543, 28.85954, -11.40315, 30, 24.49432, 29.89211, -11.40315

25 Genetic : -0.4475887 Moved
1 : 30, 36.06689, 29.3523, -51.49852, 29.39496, -26.62147, 30, -51.49852
2 : 30, -18.49981, 29.27348, -19.41004, 30, -44.2167, 29.72169, -19.41004
3 : 29.34805, -4.637572, 29.50281, -45.28197, 28.77408, -57.73946, 30, -45.28197
4 : 29.6703, -50.7543, 28.85954, -11.40315, 30, 24.49432, 29.89211, -11.40315

26 Genetic : -0.4490699 Moved
1 : 30, 36.06689, 29.3523, -51.49852, 29.39496, -26.62147, 30, -51.49852
2 : 30, -18.49981, 29.27348, -19.41004, 30, -44.2167, 29.72169, -19.41004
3 : 29.34805, -4.637572, 29.50281, -45.28197, 28.77408, -57.73946, 30, -45.28197
4 : 29.6703, -50.7543, 28.85954, -11.40315, 30, 24.49432, 29.89211, -11.40315

27 Genetic : -0.4541487 Moved
1 : 30, 36.06689, 29.3523, -51.49852, 29.39496, -26.62147, 30, -51.49852
2 : 30, -18.49981, 29.27348, -19.41004, 30, -44.2167, 29.72169, -19.41004
3 : 29.34805, -4.637572, 29.50281, -45.28197, 28.77408, -57.73946, 30, -45.28197
4 : 29.6703, -50.7543, 28.85954, -11.40315, 30, 24.49432, 29.89211, -11.40315

28 Genetic : -0.4765807 Moved
1 : 30, 36.06689, 29.3523, -51.49852, 29.39496, -26.62147, 30, -51.49852
2 : 30, -18.49981, 29.27348, -19.41004, 30, -44.2167, 29.72169, -19.41004
3 : 29.34805, -4.637572, 29.50281, -45.28197, 28.77408, -57.73946, 30, -45.28197
4 : 29.6703, -50.7543, 28.85954, -11.40315, 30, 24.49432, 29.89211, -11.40315

29 Genetic : -0.5156974 Moved
1 : 30, 36.06689, 29.3523, -51.49852, 29.39496, -26.62147, 30, -51.49852
2 : 30, -18.49981, 29.27348, -19.41004, 30, -44.2167, 29.72169, -19.41004
3 : 29.34805, -4.637572, 29.50281, -45.28197, 28.77408, -57.73946, 30, -45.28197
4 : 29.6703, -50.7543, 28.85954, -11.40315, 30, 24.49432, 29.89211, -11.40315

30 Genetic : -0.5363136 Moved
1 : 30, 36.06689, 29.3523, -51.49852, 29.39496, -26.62147, 30, -51.49852
2 : 30, -18.49981, 29.27348, -19.41004, 30, -44.2167, 29.72169, -19.41004
3 : 29.34805, -4.637572, 29.50281, -45.28197, 28.77408, -57.73946, 30, -45.28197
4 : 29.6703, -50.7543, 28.85954, -11.40315, 30, 24.49432, 29.89211, -11.40315

31 Genetic : -0.5404238 Moved
1 : 30, 36.06689, 29.3523, -51.49852, 29.39496, -26.62147, 30, -51.49852
2 : 30, -18.49981, 29.27348, -19.41004, 30, -44.2167, 29.72169, -19.41004
3 : 29.34805, -4.637572, 29.50281, -45.28197, 28.77408, -57.73946, 30, -45.28197
4 : 29.6703, -50.7543, 28.85954, -11.40315, 30, 24.49432, 29.89211, -11.40315

32 Genetic : -0.5719113 Moved
1 : 30, 36.06689, 29.3523, -51.49852, 29.39496, -26.62147, 30, -51.49852
2 : 30, -18.49981, 29.27348, -19.41004, 30, -44.2167, 29.72169, -19.41004
3 : 29.34805, -4.637572, 29.50281, -45.28197, 28.77408, -57.73946, 30, -45.28197
4 : 29.6703, -50.7543, 28.85954, -11.40315, 30, 24.49432, 29.89211, -11.40315

