1 Genetic : 2.985626 Moved
1 : 29.35974, 38.82291, 30, -34.94589, 27.73516, -29.14099, 30, -34.94589
2 : 29.94073, -34.67616, 29.36098, -26.68454, 30, -58.56944, 29.16916, -26.68454
3 : 30, -21.84882, 29.48778, -24.47092, 30, -24.42211, 30, -24.47092
4 : 30, -52.30912, 29.71618, -4.039882, 29.68662, 13.57768, 30, -4.039882

2 Genetic : 2.566694 Moved
1 : 29.35974, 38.82291, 30, -34.94589, 27.73516, -29.14099, 30, -34.94589
2 : 29.94073, -34.67616, 29.36098, -26.68454, 30, -58.56944, 29.16916, -26.68454
3 : 30, -21.84882, 29.48778, -24.47092, 30, -24.42211, 30, -24.47092
4 : 30, -52.30912, 29.71618, -4.039882, 29.68662, 13.57768, 30, -4.039882

3 Genetic : 2.302228 Moved
1 : 29.35974, 38.82291, 30, -34.94589, 27.73516, -29.14099, 30, -34.94589
2 : 29.94073, -34.67616, 29.36098, -26.68454, 30, -58.56944, 29.16916, -26.68454
3 : 30, -21.84882, 29.48778, -24.47092, 30, -24.42211, 30, -24.47092
4 : 30, -52.30912, 29.71618, -4.039882, 29.68662, 13.57768, 30, -4.039882

4 Genetic : 2.274046 Moved
1 : 29.35974, 38.82291, 30, -34.94589, 27.73516, -29.14099, 30, -34.94589
2 : 29.94073, -34.67616, 29.36098, -26.68454, 30, -58.56944, 29.16916, -26.68454
3 : 30, -21.84882, 29.48778, -24.47092, 30, -24.42211, 30, -24.47092
4 : 30, -52.30912, 29.71618, -4.039882, 29.68662, 13.57768, 30, -4.039882

5 Genetic : 2.174574 Moved
1 : 29.35974, 38.82291, 30, -34.94589, 27.73516, -29.14099, 30, -34.94589
2 : 29.94073, -34.67616, 29.36098, -26.68454, 30, -58.56944, 29.16916, -26.68454
3 : 30, -21.84882, 29.48778, -24.47092, 30, -24.42211, 30, -24.47092
4 : 30, -52.30912, 29.71618, -4.039882, 29.68662, 13.57768, 30, -4.039882

6 Genetic : 1.485581 Moved
1 : 29.35974, 38.82291, 30, -34.94589, 27.73516, -29.14099, 30, -34.94589
2 : 29.94073, -34.67616, 29.36098, -26.68454, 30, -58.56944, 29.16916, -26.68454
3 : 30, -21.84882, 29.48778, -24.47092, 30, -24.42211, 30, -24.47092
4 : 30, -52.30912, 29.71618, -4.039882, 29.68662, 13.57768, 30, -4.039882

7 Genetic : 1.289336 Moved
1 : 29.35974, 38.82291, 30, -34.94589, 27.73516, -29.14099, 30, -34.94589
2 : 29.94073, -34.67616, 29.36098, -26.68454, 30, -58.56944, 29.16916, -26.68454
3 : 30, -21.84882, 29.48778, -24.47092, 30, -24.42211, 30, -24.47092
4 : 30, -52.30912, 29.71618, -4.039882, 29.68662, 13.57768, 30, -4.039882

8 Genetic : 0.5541261 Moved
1 : 29.35974, 38.82291, 30, -34.94589, 27.73516, -29.14099, 30, -34.94589
2 : 29.94073, -34.67616, 29.36098, -26.68454, 30, -58.56944, 29.16916, -26.68454
3 : 30, -21.84882, 29.48778, -24.47092, 30, -24.42211, 30, -24.47092
4 : 30, -52.30912, 29.71618, -4.039882, 29.68662, 13.57768, 30, -4.039882

9 Genetic : 0.5049962 Moved
1 : 29.35974, 38.82291, 30, -34.94589, 27.73516, -29.14099, 30, -34.94589
2 : 29.94073, -34.67616, 29.36098, -26.68454, 30, -58.56944, 29.16916, -26.68454
3 : 30, -21.84882, 29.48778, -24.47092, 30, -24.42211, 30, -24.47092
4 : 30, -52.30912, 29.71618, -4.039882, 29.68662, 13.57768, 30, -4.039882

10 Genetic : 0.4950222 Moved
1 : 29.35974, 38.82291, 30, -34.94589, 27.73516, -29.14099, 30, -34.94589
2 : 29.94073, -34.67616, 29.36098, -26.68454, 30, -58.56944, 29.16916, -26.68454
3 : 30, -21.84882, 29.48778, -24.47092, 30, -24.42211, 30, -24.47092
4 : 30, -52.30912, 29.71618, -4.039882, 29.68662, 13.57768, 30, -4.039882

11 Genetic : 0.4889391 Moved
1 : 29.35974, 38.82291, 30, -34.94589, 27.73516, -29.14099, 30, -34.94589
2 : 29.94073, -34.67616, 29.36098, -26.68454, 30, -58.56944, 29.16916, -26.68454
3 : 30, -21.84882, 29.48778, -24.47092, 30, -24.42211, 30, -24.47092
4 : 30, -52.30912, 29.71618, -4.039882, 29.68662, 13.57768, 30, -4.039882

12 Genetic : 0.4705366 Moved
1 : 29.35974, 38.82291, 30, -34.94589, 27.73516, -29.14099, 30, -34.94589
2 : 29.94073, -34.67616, 29.36098, -26.68454, 30, -58.56944, 29.16916, -26.68454
3 : 30, -21.84882, 29.48778, -24.47092, 30, -24.42211, 30, -24.47092
4 : 30, -52.30912, 29.71618, -4.039882, 29.68662, 13.57768, 30, -4.039882

13 Genetic : 0.4214189 Moved
1 : 29.35974, 38.82291, 30, -34.94589, 27.73516, -29.14099, 30, -34.94589
2 : 29.94073, -34.67616, 29.36098, -26.68454, 30, -58.56944, 29.16916, -26.68454
3 : 30, -21.84882, 29.48778, -24.47092, 30, -24.42211, 30, -24.47092
4 : 30, -52.30912, 29.71618, -4.039882, 29.68662, 13.57768, 30, -4.039882

14 Genetic : 0.2665416 Moved
1 : 29.35974, 38.82291, 30, -34.94589, 27.73516, -29.14099, 30, -34.94589
2 : 29.94073, -34.67616, 29.36098, -26.68454, 30, -58.56944, 29.16916, -26.68454
3 : 30, -21.84882, 29.48778, -24.47092, 30, -24.42211, 30, -24.47092
4 : 30, -52.30912, 29.71618, -4.039882, 29.68662, 13.57768, 30, -4.039882

15 Genetic : 0.2452497 Moved
1 : 29.35974, 38.82291, 30, -34.94589, 27.73516, -29.14099, 30, -34.94589
2 : 29.94073, -34.67616, 29.36098, -26.68454, 30, -58.56944, 29.16916, -26.68454
3 : 30, -21.84882, 29.48778, -24.47092, 30, -24.42211, 30, -24.47092
4 : 30, -52.30912, 29.71618, -4.039882, 29.68662, 13.57768, 30, -4.039882

16 Genetic : 0.2137845 Moved
1 : 29.35974, 38.82291, 30, -34.94589, 27.73516, -29.14099, 30, -34.94589
2 : 29.94073, -34.67616, 29.36098, -26.68454, 30, -58.56944, 29.16916, -26.68454
3 : 30, -21.84882, 29.48778, -24.47092, 30, -24.42211, 30, -24.47092
4 : 30, -52.30912, 29.71618, -4.039882, 29.68662, 13.57768, 30, -4.039882

17 Genetic : 0.2048149 Moved
1 : 29.35974, 38.82291, 30, -34.94589, 27.73516, -29.14099, 30, -34.94589
2 : 29.94073, -34.67616, 29.36098, -26.68454, 30, -58.56944, 29.16916, -26.68454
3 : 30, -21.84882, 29.48778, -24.47092, 30, -24.42211, 30, -24.47092
4 : 30, -52.30912, 29.71618, -4.039882, 29.68662, 13.57768, 30, -4.039882

18 Genetic : 0.1948453 Moved
1 : 29.35974, 38.82291, 30, -34.94589, 27.73516, -29.14099, 30, -34.94589
2 : 29.94073, -34.67616, 29.36098, -26.68454, 30, -58.56944, 29.16916, -26.68454
3 : 30, -21.84882, 29.48778, -24.47092, 30, -24.42211, 30, -24.47092
4 : 30, -52.30912, 29.71618, -4.039882, 29.68662, 13.57768, 30, -4.039882

19 Genetic : 0.1606151 Moved
1 : 29.35974, 38.82291, 30, -34.94589, 27.73516, -29.14099, 30, -34.94589
2 : 29.94073, -34.67616, 29.36098, -26.68454, 30, -58.56944, 29.16916, -26.68454
3 : 30, -21.84882, 29.48778, -24.47092, 30, -24.42211, 30, -24.47092
4 : 30, -52.30912, 29.71618, -4.039882, 29.68662, 13.57768, 30, -4.039882

20 Genetic : 0.1522346 Moved
1 : 29.35974, 38.82291, 30, -34.94589, 27.73516, -29.14099, 30, -34.94589
2 : 29.94073, -34.67616, 29.36098, -26.68454, 30, -58.56944, 29.16916, -26.68454
3 : 30, -21.84882, 29.48778, -24.47092, 30, -24.42211, 30, -24.47092
4 : 30, -52.30912, 29.71618, -4.039882, 29.68662, 13.57768, 30, -4.039882

21 Genetic : 0.1494478 Moved
1 : 29.35974, 38.82291, 30, -34.94589, 27.73516, -29.14099, 30, -34.94589
2 : 29.94073, -34.67616, 29.36098, -26.68454, 30, -58.56944, 29.16916, -26.68454
3 : 30, -21.84882, 29.48778, -24.47092, 30, -24.42211, 30, -24.47092
4 : 30, -52.30912, 29.71618, -4.039882, 29.68662, 13.57768, 30, -4.039882

22 Genetic : 0.1119584 Moved
1 : 29.35974, 38.82291, 30, -34.94589, 27.73516, -29.14099, 30, -34.94589
2 : 29.94073, -34.67616, 29.36098, -26.68454, 30, -58.56944, 29.16916, -26.68454
3 : 30, -21.84882, 29.48778, -24.47092, 30, -24.42211, 30, -24.47092
4 : 30, -52.30912, 29.71618, -4.039882, 29.68662, 13.57768, 30, -4.039882

23 Genetic : 0.1043839 Moved
1 : 29.35974, 38.82291, 30, -34.94589, 27.73516, -29.14099, 30, -34.94589
2 : 29.94073, -34.67616, 29.36098, -26.68454, 30, -58.56944, 29.16916, -26.68454
3 : 30, -21.84882, 29.48778, -24.47092, 30, -24.42211, 30, -24.47092
4 : 30, -52.30912, 29.71618, -4.039882, 29.68662, 13.57768, 30, -4.039882

24 Genetic : 0.07849747 Moved
1 : 29.35974, 38.82291, 30, -34.94589, 27.73516, -29.14099, 30, -34.94589
2 : 29.94073, -34.67616, 29.36098, -26.68454, 30, -58.56944, 29.16916, -26.68454
3 : 30, -21.84882, 29.48778, -24.47092, 30, -24.42211, 30, -24.47092
4 : 30, -52.30912, 29.71618, -4.039882, 29.68662, 13.57768, 30, -4.039882

25 Genetic : 0.05505802 Moved
1 : 29.35974, 38.82291, 30, -34.94589, 27.73516, -29.14099, 30, -34.94589
2 : 29.94073, -34.67616, 29.36098, -26.68454, 30, -58.56944, 29.16916, -26.68454
3 : 30, -21.84882, 29.48778, -24.47092, 30, -24.42211, 30, -24.47092
4 : 30, -52.30912, 29.71618, -4.039882, 29.68662, 13.57768, 30, -4.039882

26 Genetic : 0.04540582 Moved
1 : 29.35974, 38.82291, 30, -34.94589, 27.73516, -29.14099, 30, -34.94589
2 : 29.94073, -34.67616, 29.36098, -26.68454, 30, -58.56944, 29.16916, -26.68454
3 : 30, -21.84882, 29.48778, -24.47092, 30, -24.42211, 30, -24.47092
4 : 30, -52.30912, 29.71618, -4.039882, 29.68662, 13.57768, 30, -4.039882

27 Genetic : 0.0339914 Moved
1 : 29.35974, 38.82291, 30, -34.94589, 27.73516, -29.14099, 30, -34.94589
2 : 29.94073, -34.67616, 29.36098, -26.68454, 30, -58.56944, 29.16916, -26.68454
3 : 30, -21.84882, 29.48778, -24.47092, 30, -24.42211, 30, -24.47092
4 : 30, -52.30912, 29.71618, -4.039882, 29.68662, 13.57768, 30, -4.039882

28 Genetic : 0.01158082 Moved
1 : 29.35974, 38.82291, 30, -34.94589, 27.73516, -29.14099, 30, -34.94589
2 : 29.94073, -34.67616, 29.36098, -26.68454, 30, -58.56944, 29.16916, -26.68454
3 : 30, -21.84882, 29.48778, -24.47092, 30, -24.42211, 30, -24.47092
4 : 30, -52.30912, 29.71618, -4.039882, 29.68662, 13.57768, 30, -4.039882

29 Genetic : -0.01273841 Moved
1 : 29.35974, 38.82291, 30, -34.94589, 27.73516, -29.14099, 30, -34.94589
2 : 29.94073, -34.67616, 29.36098, -26.68454, 30, -58.56944, 29.16916, -26.68454
3 : 30, -21.84882, 29.48778, -24.47092, 30, -24.42211, 30, -24.47092
4 : 30, -52.30912, 29.71618, -4.039882, 29.68662, 13.57768, 30, -4.039882

30 Genetic : -0.03656307 Moved
1 : 29.35974, 38.82291, 30, -34.94589, 27.73516, -29.14099, 30, -34.94589
2 : 29.94073, -34.67616, 29.36098, -26.68454, 30, -58.56944, 29.16916, -26.68454
3 : 30, -21.84882, 29.48778, -24.47092, 30, -24.42211, 30, -24.47092
4 : 30, -52.30912, 29.71618, -4.039882, 29.68662, 13.57768, 30, -4.039882

31 Genetic : -0.03728339 Moved
1 : 29.35974, 38.82291, 30, -34.94589, 27.73516, -29.14099, 30, -34.94589
2 : 29.94073, -34.67616, 29.36098, -26.68454, 30, -58.56944, 29.16916, -26.68454
3 : 30, -21.84882, 29.48778, -24.47092, 30, -24.42211, 30, -24.47092
4 : 30, -52.30912, 29.71618, -4.039882, 29.68662, 13.57768, 30, -4.039882

32 Genetic : -0.05062515 Moved
1 : 29.35974, 38.82291, 30, -34.94589, 27.73516, -29.14099, 30, -34.94589
2 : 29.94073, -34.67616, 29.36098, -26.68454, 30, -58.56944, 29.16916, -26.68454
3 : 30, -21.84882, 29.48778, -24.47092, 30, -24.42211, 30, -24.47092
4 : 30, -52.30912, 29.71618, -4.039882, 29.68662, 13.57768, 30, -4.039882

