1 Genetic : 5.773922 Moved
1 : 30, 25.56676, 30, -11.42408, 30, -5.486212, 29.96967, -11.42408
2 : 29.73711, 2.30527, 30, -15.09803, 29.50126, -53.94873, 30, -15.09803
3 : 30, -54.77253, 29.59272, -18.37415, 30, -58.47935, 29.90931, -18.37415
4 : 30, -25.6841, 29.54803, -23.88108, 29.92754, 10.56909, 30, -23.88108

2 Genetic : 5.583062 Moved
1 : 30, 25.56676, 30, -11.42408, 30, -5.486212, 29.96967, -11.42408
2 : 29.73711, 2.30527, 30, -15.09803, 29.50126, -53.94873, 30, -15.09803
3 : 30, -54.77253, 29.59272, -18.37415, 30, -58.47935, 29.90931, -18.37415
4 : 30, -25.6841, 29.54803, -23.88108, 29.92754, 10.56909, 30, -23.88108

3 Genetic : 5.467894 Moved
1 : 30, 25.56676, 30, -11.42408, 30, -5.486212, 29.96967, -11.42408
2 : 29.73711, 2.30527, 30, -15.09803, 29.50126, -53.94873, 30, -15.09803
3 : 30, -54.77253, 29.59272, -18.37415, 30, -58.47935, 29.90931, -18.37415
4 : 30, -25.6841, 29.54803, -23.88108, 29.92754, 10.56909, 30, -23.88108

4 Genetic : 5.363748 Moved
1 : 30, 25.56676, 30, -11.42408, 30, -5.486212, 29.96967, -11.42408
2 : 29.73711, 2.30527, 30, -15.09803, 29.50126, -53.94873, 30, -15.09803
3 : 30, -54.77253, 29.59272, -18.37415, 30, -58.47935, 29.90931, -18.37415
4 : 30, -25.6841, 29.54803, -23.88108, 29.92754, 10.56909, 30, -23.88108

5 Genetic : 5.319411 Moved
1 : 30, 25.56676, 30, -11.42408, 30, -5.486212, 29.96967, -11.42408
2 : 29.73711, 2.30527, 30, -15.09803, 29.50126, -53.94873, 30, -15.09803
3 : 30, -54.77253, 29.59272, -18.37415, 30, -58.47935, 29.90931, -18.37415
4 : 30, -25.6841, 29.54803, -23.88108, 29.92754, 10.56909, 30, -23.88108

6 Genetic : 5.207549 Moved
1 : 30, 25.56676, 30, -11.42408, 30, -5.486212, 29.96967, -11.42408
2 : 29.73711, 2.30527, 30, -15.09803, 29.50126, -53.94873, 30, -15.09803
3 : 30, -54.77253, 29.59272, -18.37415, 30, -58.47935, 29.90931, -18.37415
4 : 30, -25.6841, 29.54803, -23.88108, 29.92754, 10.56909, 30, -23.88108

7 Genetic : 5.174913 Moved
1 : 30, 25.56676, 30, -11.42408, 30, -5.486212, 29.96967, -11.42408
2 : 29.73711, 2.30527, 30, -15.09803, 29.50126, -53.94873, 30, -15.09803
3 : 30, -54.77253, 29.59272, -18.37415, 30, -58.47935, 29.90931, -18.37415
4 : 30, -25.6841, 29.54803, -23.88108, 29.92754, 10.56909, 30, -23.88108

8 Genetic : 5.137774 Moved
1 : 30, 25.56676, 30, -11.42408, 30, -5.486212, 29.96967, -11.42408
2 : 29.73711, 2.30527, 30, -15.09803, 29.50126, -53.94873, 30, -15.09803
3 : 30, -54.77253, 29.59272, -18.37415, 30, -58.47935, 29.90931, -18.37415
4 : 30, -25.6841, 29.54803, -23.88108, 29.92754, 10.56909, 30, -23.88108

9 Genetic : 5.126791 Moved
1 : 30, 25.56676, 30, -11.42408, 30, -5.486212, 29.96967, -11.42408
2 : 29.73711, 2.30527, 30, -15.09803, 29.50126, -53.94873, 30, -15.09803
3 : 30, -54.77253, 29.59272, -18.37415, 30, -58.47935, 29.90931, -18.37415
4 : 30, -25.6841, 29.54803, -23.88108, 29.92754, 10.56909, 30, -23.88108

10 Genetic : 5.069547 Moved
1 : 30, 25.56676, 30, -11.42408, 30, -5.486212, 29.96967, -11.42408
2 : 29.73711, 2.30527, 30, -15.09803, 29.50126, -53.94873, 30, -15.09803
3 : 30, -54.77253, 29.59272, -18.37415, 30, -58.47935, 29.90931, -18.37415
4 : 30, -25.6841, 29.54803, -23.88108, 29.92754, 10.56909, 30, -23.88108

11 Genetic : 5.060933 Moved
1 : 30, 25.56676, 30, -11.42408, 30, -5.486212, 29.96967, -11.42408
2 : 29.73711, 2.30527, 30, -15.09803, 29.50126, -53.94873, 30, -15.09803
3 : 30, -54.77253, 29.59272, -18.37415, 30, -58.47935, 29.90931, -18.37415
4 : 30, -25.6841, 29.54803, -23.88108, 29.92754, 10.56909, 30, -23.88108

12 Genetic : 5.03378 Moved
1 : 30, 25.56676, 30, -11.42408, 30, -5.486212, 29.96967, -11.42408
2 : 29.73711, 2.30527, 30, -15.09803, 29.50126, -53.94873, 30, -15.09803
3 : 30, -54.77253, 29.59272, -18.37415, 30, -58.47935, 29.90931, -18.37415
4 : 30, -25.6841, 29.54803, -23.88108, 29.92754, 10.56909, 30, -23.88108

13 Genetic : 4.910672 Moved
1 : 30, 25.56676, 30, -11.42408, 30, -5.486212, 29.96967, -11.42408
2 : 29.73711, 2.30527, 30, -15.09803, 29.50126, -53.94873, 30, -15.09803
3 : 30, -54.77253, 29.59272, -18.37415, 30, -58.47935, 29.90931, -18.37415
4 : 30, -25.6841, 29.54803, -23.88108, 29.92754, 10.56909, 30, -23.88108

14 Genetic : 4.909692 Moved
1 : 30, 25.56676, 30, -11.42408, 30, -5.486212, 29.96967, -11.42408
2 : 29.73711, 2.30527, 30, -15.09803, 29.50126, -53.94873, 30, -15.09803
3 : 30, -54.77253, 29.59272, -18.37415, 30, -58.47935, 29.90931, -18.37415
4 : 30, -25.6841, 29.54803, -23.88108, 29.92754, 10.56909, 30, -23.88108

15 Genetic : 4.890778 Moved
1 : 30, 25.56676, 30, -11.42408, 30, -5.486212, 29.96967, -11.42408
2 : 29.73711, 2.30527, 30, -15.09803, 29.50126, -53.94873, 30, -15.09803
3 : 30, -54.77253, 29.59272, -18.37415, 30, -58.47935, 29.90931, -18.37415
4 : 30, -25.6841, 29.54803, -23.88108, 29.92754, 10.56909, 30, -23.88108

16 Genetic : 4.815145 Moved
1 : 30, 25.56676, 30, -11.42408, 30, -5.486212, 29.96967, -11.42408
2 : 29.73711, 2.30527, 30, -15.09803, 29.50126, -53.94873, 30, -15.09803
3 : 30, -54.77253, 29.59272, -18.37415, 30, -58.47935, 29.90931, -18.37415
4 : 30, -25.6841, 29.54803, -23.88108, 29.92754, 10.56909, 30, -23.88108

17 Genetic : 4.651296 Moved
1 : 30, 25.56676, 30, -11.42408, 30, -5.486212, 29.96967, -11.42408
2 : 29.73711, 2.30527, 30, -15.09803, 29.50126, -53.94873, 30, -15.09803
3 : 30, -54.77253, 29.59272, -18.37415, 30, -58.47935, 29.90931, -18.37415
4 : 30, -25.6841, 29.54803, -23.88108, 29.92754, 10.56909, 30, -23.88108

18 Genetic : 4.575364 Moved
1 : 30, 25.56676, 30, -11.42408, 30, -5.486212, 29.96967, -11.42408
2 : 29.73711, 2.30527, 30, -15.09803, 29.50126, -53.94873, 30, -15.09803
3 : 30, -54.77253, 29.59272, -18.37415, 30, -58.47935, 29.90931, -18.37415
4 : 30, -25.6841, 29.54803, -23.88108, 29.92754, 10.56909, 30, -23.88108

19 Genetic : 4.527099 Moved
1 : 30, 25.56676, 30, -11.42408, 30, -5.486212, 29.96967, -11.42408
2 : 29.73711, 2.30527, 30, -15.09803, 29.50126, -53.94873, 30, -15.09803
3 : 30, -54.77253, 29.59272, -18.37415, 30, -58.47935, 29.90931, -18.37415
4 : 30, -25.6841, 29.54803, -23.88108, 29.92754, 10.56909, 30, -23.88108

20 Genetic : 4.522913 Moved
1 : 30, 25.56676, 30, -11.42408, 30, -5.486212, 29.96967, -11.42408
2 : 29.73711, 2.30527, 30, -15.09803, 29.50126, -53.94873, 30, -15.09803
3 : 30, -54.77253, 29.59272, -18.37415, 30, -58.47935, 29.90931, -18.37415
4 : 30, -25.6841, 29.54803, -23.88108, 29.92754, 10.56909, 30, -23.88108

21 Genetic : 4.510083 Moved
1 : 30, 25.56676, 30, -11.42408, 30, -5.486212, 29.96967, -11.42408
2 : 29.73711, 2.30527, 30, -15.09803, 29.50126, -53.94873, 30, -15.09803
3 : 30, -54.77253, 29.59272, -18.37415, 30, -58.47935, 29.90931, -18.37415
4 : 30, -25.6841, 29.54803, -23.88108, 29.92754, 10.56909, 30, -23.88108

22 Genetic : 4.480411 Moved
1 : 30, 25.56676, 30, -11.42408, 30, -5.486212, 29.96967, -11.42408
2 : 29.73711, 2.30527, 30, -15.09803, 29.50126, -53.94873, 30, -15.09803
3 : 30, -54.77253, 29.59272, -18.37415, 30, -58.47935, 29.90931, -18.37415
4 : 30, -25.6841, 29.54803, -23.88108, 29.92754, 10.56909, 30, -23.88108

23 Genetic : 4.442009 Moved
1 : 30, 25.56676, 30, -11.42408, 30, -5.486212, 29.96967, -11.42408
2 : 29.73711, 2.30527, 30, -15.09803, 29.50126, -53.94873, 30, -15.09803
3 : 30, -54.77253, 29.59272, -18.37415, 30, -58.47935, 29.90931, -18.37415
4 : 30, -25.6841, 29.54803, -23.88108, 29.92754, 10.56909, 30, -23.88108

24 Genetic : 4.420428 Moved
1 : 30, 25.56676, 30, -11.42408, 30, -5.486212, 29.96967, -11.42408
2 : 29.73711, 2.30527, 30, -15.09803, 29.50126, -53.94873, 30, -15.09803
3 : 30, -54.77253, 29.59272, -18.37415, 30, -58.47935, 29.90931, -18.37415
4 : 30, -25.6841, 29.54803, -23.88108, 29.92754, 10.56909, 30, -23.88108

25 Genetic : 4.413184 Moved
1 : 30, 25.56676, 30, -11.42408, 30, -5.486212, 29.96967, -11.42408
2 : 29.73711, 2.30527, 30, -15.09803, 29.50126, -53.94873, 30, -15.09803
3 : 30, -54.77253, 29.59272, -18.37415, 30, -58.47935, 29.90931, -18.37415
4 : 30, -25.6841, 29.54803, -23.88108, 29.92754, 10.56909, 30, -23.88108

26 Genetic : 4.387365 Moved
1 : 30, 25.56676, 30, -11.42408, 30, -5.486212, 29.96967, -11.42408
2 : 29.73711, 2.30527, 30, -15.09803, 29.50126, -53.94873, 30, -15.09803
3 : 30, -54.77253, 29.59272, -18.37415, 30, -58.47935, 29.90931, -18.37415
4 : 30, -25.6841, 29.54803, -23.88108, 29.92754, 10.56909, 30, -23.88108

27 Genetic : 4.370965 Moved
1 : 30, 25.56676, 30, -11.42408, 30, -5.486212, 29.96967, -11.42408
2 : 29.73711, 2.30527, 30, -15.09803, 29.50126, -53.94873, 30, -15.09803
3 : 30, -54.77253, 29.59272, -18.37415, 30, -58.47935, 29.90931, -18.37415
4 : 30, -25.6841, 29.54803, -23.88108, 29.92754, 10.56909, 30, -23.88108

28 Genetic : 4.365924 Moved
1 : 30, 25.56676, 30, -11.42408, 30, -5.486212, 29.96967, -11.42408
2 : 29.73711, 2.30527, 30, -15.09803, 29.50126, -53.94873, 30, -15.09803
3 : 30, -54.77253, 29.59272, -18.37415, 30, -58.47935, 29.90931, -18.37415
4 : 30, -25.6841, 29.54803, -23.88108, 29.92754, 10.56909, 30, -23.88108

29 Genetic : 4.28762 Moved
1 : 30, 25.56676, 30, -11.42408, 30, -5.486212, 29.96967, -11.42408
2 : 29.73711, 2.30527, 30, -15.09803, 29.50126, -53.94873, 30, -15.09803
3 : 30, -54.77253, 29.59272, -18.37415, 30, -58.47935, 29.90931, -18.37415
4 : 30, -25.6841, 29.54803, -23.88108, 29.92754, 10.56909, 30, -23.88108

30 Genetic : 4.284748 Moved
1 : 30, 25.56676, 30, -11.42408, 30, -5.486212, 29.96967, -11.42408
2 : 29.73711, 2.30527, 30, -15.09803, 29.50126, -53.94873, 30, -15.09803
3 : 30, -54.77253, 29.59272, -18.37415, 30, -58.47935, 29.90931, -18.37415
4 : 30, -25.6841, 29.54803, -23.88108, 29.92754, 10.56909, 30, -23.88108

31 Genetic : 4.277744 Moved
1 : 30, 25.56676, 30, -11.42408, 30, -5.486212, 29.96967, -11.42408
2 : 29.73711, 2.30527, 30, -15.09803, 29.50126, -53.94873, 30, -15.09803
3 : 30, -54.77253, 29.59272, -18.37415, 30, -58.47935, 29.90931, -18.37415
4 : 30, -25.6841, 29.54803, -23.88108, 29.92754, 10.56909, 30, -23.88108

32 Genetic : 4.270131 Moved
1 : 30, 25.56676, 30, -11.42408, 30, -5.486212, 29.96967, -11.42408
2 : 29.73711, 2.30527, 30, -15.09803, 29.50126, -53.94873, 30, -15.09803
3 : 30, -54.77253, 29.59272, -18.37415, 30, -58.47935, 29.90931, -18.37415
4 : 30, -25.6841, 29.54803, -23.88108, 29.92754, 10.56909, 30, -23.88108

