1 Genetic : 8.278205 Moved
1 : 29.9317, 26.70339, 30, 24.20104, 29.17247, -18.1664, 30, 24.20104
2 : 30, 27.10194, 29.35604, -28.72777, 28.50213, -58.14241, 30, -28.72777
3 : 28.13508, -57.6776, 30, -36.56446, 30, -53.6815, 30, -36.56446
4 : 29.25618, -51.47636, 29.40631, 4.799274, 30, 7.36885, 30, 4.799274

2 Genetic : 7.432357 Moved
1 : 29.9317, 26.70339, 30, 24.20104, 29.17247, -18.1664, 30, 24.20104
2 : 30, 27.10194, 29.35604, -28.72777, 28.50213, -58.14241, 30, -28.72777
3 : 28.13508, -57.6776, 30, -36.56446, 30, -53.6815, 30, -36.56446
4 : 29.25618, -51.47636, 29.40631, 4.799274, 30, 7.36885, 30, 4.799274

3 Genetic : 6.980996 Moved
1 : 29.9317, 26.70339, 30, 24.20104, 29.17247, -18.1664, 30, 24.20104
2 : 30, 27.10194, 29.35604, -28.72777, 28.50213, -58.14241, 30, -28.72777
3 : 28.13508, -57.6776, 30, -36.56446, 30, -53.6815, 30, -36.56446
4 : 29.25618, -51.47636, 29.40631, 4.799274, 30, 7.36885, 30, 4.799274

4 Genetic : 6.659142 Moved
1 : 29.9317, 26.70339, 30, 24.20104, 29.17247, -18.1664, 30, 24.20104
2 : 30, 27.10194, 29.35604, -28.72777, 28.50213, -58.14241, 30, -28.72777
3 : 28.13508, -57.6776, 30, -36.56446, 30, -53.6815, 30, -36.56446
4 : 29.25618, -51.47636, 29.40631, 4.799274, 30, 7.36885, 30, 4.799274

5 Genetic : 6.413153 Moved
1 : 29.9317, 26.70339, 30, 24.20104, 29.17247, -18.1664, 30, 24.20104
2 : 30, 27.10194, 29.35604, -28.72777, 28.50213, -58.14241, 30, -28.72777
3 : 28.13508, -57.6776, 30, -36.56446, 30, -53.6815, 30, -36.56446
4 : 29.25618, -51.47636, 29.40631, 4.799274, 30, 7.36885, 30, 4.799274

6 Genetic : 6.210603 Moved
1 : 29.9317, 26.70339, 30, 24.20104, 29.17247, -18.1664, 30, 24.20104
2 : 30, 27.10194, 29.35604, -28.72777, 28.50213, -58.14241, 30, -28.72777
3 : 28.13508, -57.6776, 30, -36.56446, 30, -53.6815, 30, -36.56446
4 : 29.25618, -51.47636, 29.40631, 4.799274, 30, 7.36885, 30, 4.799274

7 Genetic : 6.186307 Moved
1 : 29.9317, 26.70339, 30, 24.20104, 29.17247, -18.1664, 30, 24.20104
2 : 30, 27.10194, 29.35604, -28.72777, 28.50213, -58.14241, 30, -28.72777
3 : 28.13508, -57.6776, 30, -36.56446, 30, -53.6815, 30, -36.56446
4 : 29.25618, -51.47636, 29.40631, 4.799274, 30, 7.36885, 30, 4.799274

8 Genetic : 6.053754 Moved
1 : 29.9317, 26.70339, 30, 24.20104, 29.17247, -18.1664, 30, 24.20104
2 : 30, 27.10194, 29.35604, -28.72777, 28.50213, -58.14241, 30, -28.72777
3 : 28.13508, -57.6776, 30, -36.56446, 30, -53.6815, 30, -36.56446
4 : 29.25618, -51.47636, 29.40631, 4.799274, 30, 7.36885, 30, 4.799274

9 Genetic : 6.042824 Moved
1 : 29.9317, 26.70339, 30, 24.20104, 29.17247, -18.1664, 30, 24.20104
2 : 30, 27.10194, 29.35604, -28.72777, 28.50213, -58.14241, 30, -28.72777
3 : 28.13508, -57.6776, 30, -36.56446, 30, -53.6815, 30, -36.56446
4 : 29.25618, -51.47636, 29.40631, 4.799274, 30, 7.36885, 30, 4.799274

10 Genetic : 5.960166 Moved
1 : 29.9317, 26.70339, 30, 24.20104, 29.17247, -18.1664, 30, 24.20104
2 : 30, 27.10194, 29.35604, -28.72777, 28.50213, -58.14241, 30, -28.72777
3 : 28.13508, -57.6776, 30, -36.56446, 30, -53.6815, 30, -36.56446
4 : 29.25618, -51.47636, 29.40631, 4.799274, 30, 7.36885, 30, 4.799274

11 Genetic : 5.917755 Moved
1 : 29.9317, 26.70339, 30, 24.20104, 29.17247, -18.1664, 30, 24.20104
2 : 30, 27.10194, 29.35604, -28.72777, 28.50213, -58.14241, 30, -28.72777
3 : 28.13508, -57.6776, 30, -36.56446, 30, -53.6815, 30, -36.56446
4 : 29.25618, -51.47636, 29.40631, 4.799274, 30, 7.36885, 30, 4.799274

12 Genetic : 5.857644 Moved
1 : 29.9317, 26.70339, 30, 24.20104, 29.17247, -18.1664, 30, 24.20104
2 : 30, 27.10194, 29.35604, -28.72777, 28.50213, -58.14241, 30, -28.72777
3 : 28.13508, -57.6776, 30, -36.56446, 30, -53.6815, 30, -36.56446
4 : 29.25618, -51.47636, 29.40631, 4.799274, 30, 7.36885, 30, 4.799274

13 Genetic : 5.704271 Moved
1 : 29.9317, 26.70339, 30, 24.20104, 29.17247, -18.1664, 30, 24.20104
2 : 30, 27.10194, 29.35604, -28.72777, 28.50213, -58.14241, 30, -28.72777
3 : 28.13508, -57.6776, 30, -36.56446, 30, -53.6815, 30, -36.56446
4 : 29.25618, -51.47636, 29.40631, 4.799274, 30, 7.36885, 30, 4.799274

14 Genetic : 5.690121 Moved
1 : 29.9317, 26.70339, 30, 24.20104, 29.17247, -18.1664, 30, 24.20104
2 : 30, 27.10194, 29.35604, -28.72777, 28.50213, -58.14241, 30, -28.72777
3 : 28.13508, -57.6776, 30, -36.56446, 30, -53.6815, 30, -36.56446
4 : 29.25618, -51.47636, 29.40631, 4.799274, 30, 7.36885, 30, 4.799274

15 Genetic : 5.557476 Moved
1 : 29.9317, 26.70339, 30, 24.20104, 29.17247, -18.1664, 30, 24.20104
2 : 30, 27.10194, 29.35604, -28.72777, 28.50213, -58.14241, 30, -28.72777
3 : 28.13508, -57.6776, 30, -36.56446, 30, -53.6815, 30, -36.56446
4 : 29.25618, -51.47636, 29.40631, 4.799274, 30, 7.36885, 30, 4.799274

16 Genetic : 5.497602 Moved
1 : 29.9317, 26.70339, 30, 24.20104, 29.17247, -18.1664, 30, 24.20104
2 : 30, 27.10194, 29.35604, -28.72777, 28.50213, -58.14241, 30, -28.72777
3 : 28.13508, -57.6776, 30, -36.56446, 30, -53.6815, 30, -36.56446
4 : 29.25618, -51.47636, 29.40631, 4.799274, 30, 7.36885, 30, 4.799274

17 Genetic : 5.306442 Moved
1 : 29.9317, 26.70339, 30, 24.20104, 29.17247, -18.1664, 30, 24.20104
2 : 30, 27.10194, 29.35604, -28.72777, 28.50213, -58.14241, 30, -28.72777
3 : 28.13508, -57.6776, 30, -36.56446, 30, -53.6815, 30, -36.56446
4 : 29.25618, -51.47636, 29.40631, 4.799274, 30, 7.36885, 30, 4.799274

18 Genetic : 5.268719 Moved
1 : 29.9317, 26.70339, 30, 24.20104, 29.17247, -18.1664, 30, 24.20104
2 : 30, 27.10194, 29.35604, -28.72777, 28.50213, -58.14241, 30, -28.72777
3 : 28.13508, -57.6776, 30, -36.56446, 30, -53.6815, 30, -36.56446
4 : 29.25618, -51.47636, 29.40631, 4.799274, 30, 7.36885, 30, 4.799274

19 Genetic : 5.242852 Moved
1 : 29.9317, 26.70339, 30, 24.20104, 29.17247, -18.1664, 30, 24.20104
2 : 30, 27.10194, 29.35604, -28.72777, 28.50213, -58.14241, 30, -28.72777
3 : 28.13508, -57.6776, 30, -36.56446, 30, -53.6815, 30, -36.56446
4 : 29.25618, -51.47636, 29.40631, 4.799274, 30, 7.36885, 30, 4.799274

20 Genetic : 5.191215 Moved
1 : 29.9317, 26.70339, 30, 24.20104, 29.17247, -18.1664, 30, 24.20104
2 : 30, 27.10194, 29.35604, -28.72777, 28.50213, -58.14241, 30, -28.72777
3 : 28.13508, -57.6776, 30, -36.56446, 30, -53.6815, 30, -36.56446
4 : 29.25618, -51.47636, 29.40631, 4.799274, 30, 7.36885, 30, 4.799274

21 Genetic : 5.167931 Moved
1 : 29.9317, 26.70339, 30, 24.20104, 29.17247, -18.1664, 30, 24.20104
2 : 30, 27.10194, 29.35604, -28.72777, 28.50213, -58.14241, 30, -28.72777
3 : 28.13508, -57.6776, 30, -36.56446, 30, -53.6815, 30, -36.56446
4 : 29.25618, -51.47636, 29.40631, 4.799274, 30, 7.36885, 30, 4.799274

22 Genetic : 5.122971 Moved
1 : 29.9317, 26.70339, 30, 24.20104, 29.17247, -18.1664, 30, 24.20104
2 : 30, 27.10194, 29.35604, -28.72777, 28.50213, -58.14241, 30, -28.72777
3 : 28.13508, -57.6776, 30, -36.56446, 30, -53.6815, 30, -36.56446
4 : 29.25618, -51.47636, 29.40631, 4.799274, 30, 7.36885, 30, 4.799274

23 Genetic : 5.118632 Moved
1 : 29.9317, 26.70339, 30, 24.20104, 29.17247, -18.1664, 30, 24.20104
2 : 30, 27.10194, 29.35604, -28.72777, 28.50213, -58.14241, 30, -28.72777
3 : 28.13508, -57.6776, 30, -36.56446, 30, -53.6815, 30, -36.56446
4 : 29.25618, -51.47636, 29.40631, 4.799274, 30, 7.36885, 30, 4.799274

24 Genetic : 5.090652 Moved
1 : 29.9317, 26.70339, 30, 24.20104, 29.17247, -18.1664, 30, 24.20104
2 : 30, 27.10194, 29.35604, -28.72777, 28.50213, -58.14241, 30, -28.72777
3 : 28.13508, -57.6776, 30, -36.56446, 30, -53.6815, 30, -36.56446
4 : 29.25618, -51.47636, 29.40631, 4.799274, 30, 7.36885, 30, 4.799274

25 Genetic : 5.006499 Moved
1 : 29.9317, 26.70339, 30, 24.20104, 29.17247, -18.1664, 30, 24.20104
2 : 30, 27.10194, 29.35604, -28.72777, 28.50213, -58.14241, 30, -28.72777
3 : 28.13508, -57.6776, 30, -36.56446, 30, -53.6815, 30, -36.56446
4 : 29.25618, -51.47636, 29.40631, 4.799274, 30, 7.36885, 30, 4.799274

26 Genetic : 4.973517 Moved
1 : 29.9317, 26.70339, 30, 24.20104, 29.17247, -18.1664, 30, 24.20104
2 : 30, 27.10194, 29.35604, -28.72777, 28.50213, -58.14241, 30, -28.72777
3 : 28.13508, -57.6776, 30, -36.56446, 30, -53.6815, 30, -36.56446
4 : 29.25618, -51.47636, 29.40631, 4.799274, 30, 7.36885, 30, 4.799274

27 Genetic : 4.969848 Moved
1 : 29.9317, 26.70339, 30, 24.20104, 29.17247, -18.1664, 30, 24.20104
2 : 30, 27.10194, 29.35604, -28.72777, 28.50213, -58.14241, 30, -28.72777
3 : 28.13508, -57.6776, 30, -36.56446, 30, -53.6815, 30, -36.56446
4 : 29.25618, -51.47636, 29.40631, 4.799274, 30, 7.36885, 30, 4.799274

28 Genetic : 4.939755 Moved
1 : 29.9317, 26.70339, 30, 24.20104, 29.17247, -18.1664, 30, 24.20104
2 : 30, 27.10194, 29.35604, -28.72777, 28.50213, -58.14241, 30, -28.72777
3 : 28.13508, -57.6776, 30, -36.56446, 30, -53.6815, 30, -36.56446
4 : 29.25618, -51.47636, 29.40631, 4.799274, 30, 7.36885, 30, 4.799274

29 Genetic : 4.886644 Moved
1 : 29.9317, 26.70339, 30, 24.20104, 29.17247, -18.1664, 30, 24.20104
2 : 30, 27.10194, 29.35604, -28.72777, 28.50213, -58.14241, 30, -28.72777
3 : 28.13508, -57.6776, 30, -36.56446, 30, -53.6815, 30, -36.56446
4 : 29.25618, -51.47636, 29.40631, 4.799274, 30, 7.36885, 30, 4.799274

30 Genetic : 4.806149 Moved
1 : 29.9317, 26.70339, 30, 24.20104, 29.17247, -18.1664, 30, 24.20104
2 : 30, 27.10194, 29.35604, -28.72777, 28.50213, -58.14241, 30, -28.72777
3 : 28.13508, -57.6776, 30, -36.56446, 30, -53.6815, 30, -36.56446
4 : 29.25618, -51.47636, 29.40631, 4.799274, 30, 7.36885, 30, 4.799274

31 Genetic : 4.791801 Moved
1 : 29.9317, 26.70339, 30, 24.20104, 29.17247, -18.1664, 30, 24.20104
2 : 30, 27.10194, 29.35604, -28.72777, 28.50213, -58.14241, 30, -28.72777
3 : 28.13508, -57.6776, 30, -36.56446, 30, -53.6815, 30, -36.56446
4 : 29.25618, -51.47636, 29.40631, 4.799274, 30, 7.36885, 30, 4.799274

32 Genetic : 4.751092 Moved
1 : 29.9317, 26.70339, 30, 24.20104, 29.17247, -18.1664, 30, 24.20104
2 : 30, 27.10194, 29.35604, -28.72777, 28.50213, -58.14241, 30, -28.72777
3 : 28.13508, -57.6776, 30, -36.56446, 30, -53.6815, 30, -36.56446
4 : 29.25618, -51.47636, 29.40631, 4.799274, 30, 7.36885, 30, 4.799274

