1 Genetic : 3.890167 Moved
1 : 30, 28.67325, 30, -23.13242, 30, 10.39817, 29.08299, -23.13242
2 : 28.36019, 9.476642, 30, -38.34815, 29.28843, -36.77034, 29.60128, -38.34815
3 : 28.78868, -28.08761, 29.9009, -45.30248, 29.22124, -56.1892, 30, -45.30248
4 : 29.51357, -57.8885, 28.69003, 11.05363, 30, -7.53764, 29.31487, 11.05363

2 Genetic : 3.458514 Moved
1 : 30, 28.67325, 30, -23.13242, 30, 10.39817, 29.08299, -23.13242
2 : 28.36019, 9.476642, 30, -38.34815, 29.28843, -36.77034, 29.60128, -38.34815
3 : 28.78868, -28.08761, 29.9009, -45.30248, 29.22124, -56.1892, 30, -45.30248
4 : 29.51357, -57.8885, 28.69003, 11.05363, 30, -7.53764, 29.31487, 11.05363

3 Genetic : 3.417355 Moved
1 : 30, 28.67325, 30, -23.13242, 30, 10.39817, 29.08299, -23.13242
2 : 28.36019, 9.476642, 30, -38.34815, 29.28843, -36.77034, 29.60128, -38.34815
3 : 28.78868, -28.08761, 29.9009, -45.30248, 29.22124, -56.1892, 30, -45.30248
4 : 29.51357, -57.8885, 28.69003, 11.05363, 30, -7.53764, 29.31487, 11.05363

4 Genetic : 3.342599 Moved
1 : 30, 28.67325, 30, -23.13242, 30, 10.39817, 29.08299, -23.13242
2 : 28.36019, 9.476642, 30, -38.34815, 29.28843, -36.77034, 29.60128, -38.34815
3 : 28.78868, -28.08761, 29.9009, -45.30248, 29.22124, -56.1892, 30, -45.30248
4 : 29.51357, -57.8885, 28.69003, 11.05363, 30, -7.53764, 29.31487, 11.05363

5 Genetic : 3.338994 Moved
1 : 30, 28.67325, 30, -23.13242, 30, 10.39817, 29.08299, -23.13242
2 : 28.36019, 9.476642, 30, -38.34815, 29.28843, -36.77034, 29.60128, -38.34815
3 : 28.78868, -28.08761, 29.9009, -45.30248, 29.22124, -56.1892, 30, -45.30248
4 : 29.51357, -57.8885, 28.69003, 11.05363, 30, -7.53764, 29.31487, 11.05363

6 Genetic : 3.302104 Moved
1 : 30, 28.67325, 30, -23.13242, 30, 10.39817, 29.08299, -23.13242
2 : 28.36019, 9.476642, 30, -38.34815, 29.28843, -36.77034, 29.60128, -38.34815
3 : 28.78868, -28.08761, 29.9009, -45.30248, 29.22124, -56.1892, 30, -45.30248
4 : 29.51357, -57.8885, 28.69003, 11.05363, 30, -7.53764, 29.31487, 11.05363

7 Genetic : 3.180025 Moved
1 : 30, 28.67325, 30, -23.13242, 30, 10.39817, 29.08299, -23.13242
2 : 28.36019, 9.476642, 30, -38.34815, 29.28843, -36.77034, 29.60128, -38.34815
3 : 28.78868, -28.08761, 29.9009, -45.30248, 29.22124, -56.1892, 30, -45.30248
4 : 29.51357, -57.8885, 28.69003, 11.05363, 30, -7.53764, 29.31487, 11.05363

8 Genetic : 3.10075 Moved
1 : 30, 28.67325, 30, -23.13242, 30, 10.39817, 29.08299, -23.13242
2 : 28.36019, 9.476642, 30, -38.34815, 29.28843, -36.77034, 29.60128, -38.34815
3 : 28.78868, -28.08761, 29.9009, -45.30248, 29.22124, -56.1892, 30, -45.30248
4 : 29.51357, -57.8885, 28.69003, 11.05363, 30, -7.53764, 29.31487, 11.05363

9 Genetic : 3.066508 Moved
1 : 30, 28.67325, 30, -23.13242, 30, 10.39817, 29.08299, -23.13242
2 : 28.36019, 9.476642, 30, -38.34815, 29.28843, -36.77034, 29.60128, -38.34815
3 : 28.78868, -28.08761, 29.9009, -45.30248, 29.22124, -56.1892, 30, -45.30248
4 : 29.51357, -57.8885, 28.69003, 11.05363, 30, -7.53764, 29.31487, 11.05363

10 Genetic : 3.063569 Moved
1 : 30, 28.67325, 30, -23.13242, 30, 10.39817, 29.08299, -23.13242
2 : 28.36019, 9.476642, 30, -38.34815, 29.28843, -36.77034, 29.60128, -38.34815
3 : 28.78868, -28.08761, 29.9009, -45.30248, 29.22124, -56.1892, 30, -45.30248
4 : 29.51357, -57.8885, 28.69003, 11.05363, 30, -7.53764, 29.31487, 11.05363

11 Genetic : 3.063284 Moved
1 : 30, 28.67325, 30, -23.13242, 30, 10.39817, 29.08299, -23.13242
2 : 28.36019, 9.476642, 30, -38.34815, 29.28843, -36.77034, 29.60128, -38.34815
3 : 28.78868, -28.08761, 29.9009, -45.30248, 29.22124, -56.1892, 30, -45.30248
4 : 29.51357, -57.8885, 28.69003, 11.05363, 30, -7.53764, 29.31487, 11.05363

12 Genetic : 2.984188 Moved
1 : 30, 28.67325, 30, -23.13242, 30, 10.39817, 29.08299, -23.13242
2 : 28.36019, 9.476642, 30, -38.34815, 29.28843, -36.77034, 29.60128, -38.34815
3 : 28.78868, -28.08761, 29.9009, -45.30248, 29.22124, -56.1892, 30, -45.30248
4 : 29.51357, -57.8885, 28.69003, 11.05363, 30, -7.53764, 29.31487, 11.05363

13 Genetic : 2.940155 Moved
1 : 30, 28.67325, 30, -23.13242, 30, 10.39817, 29.08299, -23.13242
2 : 28.36019, 9.476642, 30, -38.34815, 29.28843, -36.77034, 29.60128, -38.34815
3 : 28.78868, -28.08761, 29.9009, -45.30248, 29.22124, -56.1892, 30, -45.30248
4 : 29.51357, -57.8885, 28.69003, 11.05363, 30, -7.53764, 29.31487, 11.05363

14 Genetic : 2.7633 Moved
1 : 30, 28.67325, 30, -23.13242, 30, 10.39817, 29.08299, -23.13242
2 : 28.36019, 9.476642, 30, -38.34815, 29.28843, -36.77034, 29.60128, -38.34815
3 : 28.78868, -28.08761, 29.9009, -45.30248, 29.22124, -56.1892, 30, -45.30248
4 : 29.51357, -57.8885, 28.69003, 11.05363, 30, -7.53764, 29.31487, 11.05363

15 Genetic : 2.753364 Moved
1 : 30, 28.67325, 30, -23.13242, 30, 10.39817, 29.08299, -23.13242
2 : 28.36019, 9.476642, 30, -38.34815, 29.28843, -36.77034, 29.60128, -38.34815
3 : 28.78868, -28.08761, 29.9009, -45.30248, 29.22124, -56.1892, 30, -45.30248
4 : 29.51357, -57.8885, 28.69003, 11.05363, 30, -7.53764, 29.31487, 11.05363

16 Genetic : 2.750619 Moved
1 : 30, 28.67325, 30, -23.13242, 30, 10.39817, 29.08299, -23.13242
2 : 28.36019, 9.476642, 30, -38.34815, 29.28843, -36.77034, 29.60128, -38.34815
3 : 28.78868, -28.08761, 29.9009, -45.30248, 29.22124, -56.1892, 30, -45.30248
4 : 29.51357, -57.8885, 28.69003, 11.05363, 30, -7.53764, 29.31487, 11.05363

17 Genetic : 2.749872 Moved
1 : 30, 28.67325, 30, -23.13242, 30, 10.39817, 29.08299, -23.13242
2 : 28.36019, 9.476642, 30, -38.34815, 29.28843, -36.77034, 29.60128, -38.34815
3 : 28.78868, -28.08761, 29.9009, -45.30248, 29.22124, -56.1892, 30, -45.30248
4 : 29.51357, -57.8885, 28.69003, 11.05363, 30, -7.53764, 29.31487, 11.05363

18 Genetic : 2.617338 Moved
1 : 30, 28.67325, 30, -23.13242, 30, 10.39817, 29.08299, -23.13242
2 : 28.36019, 9.476642, 30, -38.34815, 29.28843, -36.77034, 29.60128, -38.34815
3 : 28.78868, -28.08761, 29.9009, -45.30248, 29.22124, -56.1892, 30, -45.30248
4 : 29.51357, -57.8885, 28.69003, 11.05363, 30, -7.53764, 29.31487, 11.05363

19 Genetic : 2.547411 Moved
1 : 30, 28.67325, 30, -23.13242, 30, 10.39817, 29.08299, -23.13242
2 : 28.36019, 9.476642, 30, -38.34815, 29.28843, -36.77034, 29.60128, -38.34815
3 : 28.78868, -28.08761, 29.9009, -45.30248, 29.22124, -56.1892, 30, -45.30248
4 : 29.51357, -57.8885, 28.69003, 11.05363, 30, -7.53764, 29.31487, 11.05363

20 Genetic : 2.476609 Moved
1 : 30, 28.67325, 30, -23.13242, 30, 10.39817, 29.08299, -23.13242
2 : 28.36019, 9.476642, 30, -38.34815, 29.28843, -36.77034, 29.60128, -38.34815
3 : 28.78868, -28.08761, 29.9009, -45.30248, 29.22124, -56.1892, 30, -45.30248
4 : 29.51357, -57.8885, 28.69003, 11.05363, 30, -7.53764, 29.31487, 11.05363

21 Genetic : 2.475412 Moved
1 : 30, 28.67325, 30, -23.13242, 30, 10.39817, 29.08299, -23.13242
2 : 28.36019, 9.476642, 30, -38.34815, 29.28843, -36.77034, 29.60128, -38.34815
3 : 28.78868, -28.08761, 29.9009, -45.30248, 29.22124, -56.1892, 30, -45.30248
4 : 29.51357, -57.8885, 28.69003, 11.05363, 30, -7.53764, 29.31487, 11.05363

22 Genetic : 2.470778 Moved
1 : 30, 28.67325, 30, -23.13242, 30, 10.39817, 29.08299, -23.13242
2 : 28.36019, 9.476642, 30, -38.34815, 29.28843, -36.77034, 29.60128, -38.34815
3 : 28.78868, -28.08761, 29.9009, -45.30248, 29.22124, -56.1892, 30, -45.30248
4 : 29.51357, -57.8885, 28.69003, 11.05363, 30, -7.53764, 29.31487, 11.05363

23 Genetic : 2.465282 Moved
1 : 30, 28.67325, 30, -23.13242, 30, 10.39817, 29.08299, -23.13242
2 : 28.36019, 9.476642, 30, -38.34815, 29.28843, -36.77034, 29.60128, -38.34815
3 : 28.78868, -28.08761, 29.9009, -45.30248, 29.22124, -56.1892, 30, -45.30248
4 : 29.51357, -57.8885, 28.69003, 11.05363, 30, -7.53764, 29.31487, 11.05363

24 Genetic : 2.457875 Moved
1 : 30, 28.67325, 30, -23.13242, 30, 10.39817, 29.08299, -23.13242
2 : 28.36019, 9.476642, 30, -38.34815, 29.28843, -36.77034, 29.60128, -38.34815
3 : 28.78868, -28.08761, 29.9009, -45.30248, 29.22124, -56.1892, 30, -45.30248
4 : 29.51357, -57.8885, 28.69003, 11.05363, 30, -7.53764, 29.31487, 11.05363

25 Genetic : 2.44578 Moved
1 : 30, 28.67325, 30, -23.13242, 30, 10.39817, 29.08299, -23.13242
2 : 28.36019, 9.476642, 30, -38.34815, 29.28843, -36.77034, 29.60128, -38.34815
3 : 28.78868, -28.08761, 29.9009, -45.30248, 29.22124, -56.1892, 30, -45.30248
4 : 29.51357, -57.8885, 28.69003, 11.05363, 30, -7.53764, 29.31487, 11.05363

26 Genetic : 2.437554 Moved
1 : 30, 28.67325, 30, -23.13242, 30, 10.39817, 29.08299, -23.13242
2 : 28.36019, 9.476642, 30, -38.34815, 29.28843, -36.77034, 29.60128, -38.34815
3 : 28.78868, -28.08761, 29.9009, -45.30248, 29.22124, -56.1892, 30, -45.30248
4 : 29.51357, -57.8885, 28.69003, 11.05363, 30, -7.53764, 29.31487, 11.05363

27 Genetic : 2.406166 Moved
1 : 30, 28.67325, 30, -23.13242, 30, 10.39817, 29.08299, -23.13242
2 : 28.36019, 9.476642, 30, -38.34815, 29.28843, -36.77034, 29.60128, -38.34815
3 : 28.78868, -28.08761, 29.9009, -45.30248, 29.22124, -56.1892, 30, -45.30248
4 : 29.51357, -57.8885, 28.69003, 11.05363, 30, -7.53764, 29.31487, 11.05363

28 Genetic : 2.386494 Moved
1 : 30, 28.67325, 30, -23.13242, 30, 10.39817, 29.08299, -23.13242
2 : 28.36019, 9.476642, 30, -38.34815, 29.28843, -36.77034, 29.60128, -38.34815
3 : 28.78868, -28.08761, 29.9009, -45.30248, 29.22124, -56.1892, 30, -45.30248
4 : 29.51357, -57.8885, 28.69003, 11.05363, 30, -7.53764, 29.31487, 11.05363

29 Genetic : 2.38649 Moved
1 : 30, 28.67325, 30, -23.13242, 30, 10.39817, 29.08299, -23.13242
2 : 28.36019, 9.476642, 30, -38.34815, 29.28843, -36.77034, 29.60128, -38.34815
3 : 28.78868, -28.08761, 29.9009, -45.30248, 29.22124, -56.1892, 30, -45.30248
4 : 29.51357, -57.8885, 28.69003, 11.05363, 30, -7.53764, 29.31487, 11.05363

30 Genetic : 2.367697 Moved
1 : 30, 28.67325, 30, -23.13242, 30, 10.39817, 29.08299, -23.13242
2 : 28.36019, 9.476642, 30, -38.34815, 29.28843, -36.77034, 29.60128, -38.34815
3 : 28.78868, -28.08761, 29.9009, -45.30248, 29.22124, -56.1892, 30, -45.30248
4 : 29.51357, -57.8885, 28.69003, 11.05363, 30, -7.53764, 29.31487, 11.05363

31 Genetic : 2.364889 Moved
1 : 30, 28.67325, 30, -23.13242, 30, 10.39817, 29.08299, -23.13242
2 : 28.36019, 9.476642, 30, -38.34815, 29.28843, -36.77034, 29.60128, -38.34815
3 : 28.78868, -28.08761, 29.9009, -45.30248, 29.22124, -56.1892, 30, -45.30248
4 : 29.51357, -57.8885, 28.69003, 11.05363, 30, -7.53764, 29.31487, 11.05363

32 Genetic : 2.356278 Moved
1 : 30, 28.67325, 30, -23.13242, 30, 10.39817, 29.08299, -23.13242
2 : 28.36019, 9.476642, 30, -38.34815, 29.28843, -36.77034, 29.60128, -38.34815
3 : 28.78868, -28.08761, 29.9009, -45.30248, 29.22124, -56.1892, 30, -45.30248
4 : 29.51357, -57.8885, 28.69003, 11.05363, 30, -7.53764, 29.31487, 11.05363

