1 Genetic : 3.663828 Moved
1 : 29.56314, -6.196287, 30, -46.11358, 29.01339, 14.66264, 29.6518, -46.11358
2 : 29.92895, 8.137939, 29.78025, -52.83813, 30, -33.04088, 28.56437, -52.83813
3 : 30, -20.17142, 30, -35.94101, 30, -28.60575, 29.7283, -35.94101
4 : 29.33401, -54.69744, 26.06504, 9.574041, 29.58851, 32.01467, 30, 9.574041

2 Genetic : 3.322042 Moved
1 : 29.56314, -6.196287, 30, -46.11358, 29.01339, 14.66264, 29.6518, -46.11358
2 : 29.92895, 8.137939, 29.78025, -52.83813, 30, -33.04088, 28.56437, -52.83813
3 : 30, -20.17142, 30, -35.94101, 30, -28.60575, 29.7283, -35.94101
4 : 29.33401, -54.69744, 26.06504, 9.574041, 29.58851, 32.01467, 30, 9.574041

3 Genetic : 3.180024 Moved
1 : 29.56314, -6.196287, 30, -46.11358, 29.01339, 14.66264, 29.6518, -46.11358
2 : 29.92895, 8.137939, 29.78025, -52.83813, 30, -33.04088, 28.56437, -52.83813
3 : 30, -20.17142, 30, -35.94101, 30, -28.60575, 29.7283, -35.94101
4 : 29.33401, -54.69744, 26.06504, 9.574041, 29.58851, 32.01467, 30, 9.574041

4 Genetic : 3.118306 Moved
1 : 29.56314, -6.196287, 30, -46.11358, 29.01339, 14.66264, 29.6518, -46.11358
2 : 29.92895, 8.137939, 29.78025, -52.83813, 30, -33.04088, 28.56437, -52.83813
3 : 30, -20.17142, 30, -35.94101, 30, -28.60575, 29.7283, -35.94101
4 : 29.33401, -54.69744, 26.06504, 9.574041, 29.58851, 32.01467, 30, 9.574041

5 Genetic : 2.952809 Moved
1 : 29.56314, -6.196287, 30, -46.11358, 29.01339, 14.66264, 29.6518, -46.11358
2 : 29.92895, 8.137939, 29.78025, -52.83813, 30, -33.04088, 28.56437, -52.83813
3 : 30, -20.17142, 30, -35.94101, 30, -28.60575, 29.7283, -35.94101
4 : 29.33401, -54.69744, 26.06504, 9.574041, 29.58851, 32.01467, 30, 9.574041

6 Genetic : 2.903392 Moved
1 : 29.56314, -6.196287, 30, -46.11358, 29.01339, 14.66264, 29.6518, -46.11358
2 : 29.92895, 8.137939, 29.78025, -52.83813, 30, -33.04088, 28.56437, -52.83813
3 : 30, -20.17142, 30, -35.94101, 30, -28.60575, 29.7283, -35.94101
4 : 29.33401, -54.69744, 26.06504, 9.574041, 29.58851, 32.01467, 30, 9.574041

7 Genetic : 2.890311 Moved
1 : 29.56314, -6.196287, 30, -46.11358, 29.01339, 14.66264, 29.6518, -46.11358
2 : 29.92895, 8.137939, 29.78025, -52.83813, 30, -33.04088, 28.56437, -52.83813
3 : 30, -20.17142, 30, -35.94101, 30, -28.60575, 29.7283, -35.94101
4 : 29.33401, -54.69744, 26.06504, 9.574041, 29.58851, 32.01467, 30, 9.574041

8 Genetic : 2.862774 Moved
1 : 29.56314, -6.196287, 30, -46.11358, 29.01339, 14.66264, 29.6518, -46.11358
2 : 29.92895, 8.137939, 29.78025, -52.83813, 30, -33.04088, 28.56437, -52.83813
3 : 30, -20.17142, 30, -35.94101, 30, -28.60575, 29.7283, -35.94101
4 : 29.33401, -54.69744, 26.06504, 9.574041, 29.58851, 32.01467, 30, 9.574041

9 Genetic : 2.790232 Moved
1 : 29.56314, -6.196287, 30, -46.11358, 29.01339, 14.66264, 29.6518, -46.11358
2 : 29.92895, 8.137939, 29.78025, -52.83813, 30, -33.04088, 28.56437, -52.83813
3 : 30, -20.17142, 30, -35.94101, 30, -28.60575, 29.7283, -35.94101
4 : 29.33401, -54.69744, 26.06504, 9.574041, 29.58851, 32.01467, 30, 9.574041

10 Genetic : 2.571774 Moved
1 : 29.56314, -6.196287, 30, -46.11358, 29.01339, 14.66264, 29.6518, -46.11358
2 : 29.92895, 8.137939, 29.78025, -52.83813, 30, -33.04088, 28.56437, -52.83813
3 : 30, -20.17142, 30, -35.94101, 30, -28.60575, 29.7283, -35.94101
4 : 29.33401, -54.69744, 26.06504, 9.574041, 29.58851, 32.01467, 30, 9.574041

11 Genetic : 2.261989 Moved
1 : 29.56314, -6.196287, 30, -46.11358, 29.01339, 14.66264, 29.6518, -46.11358
2 : 29.92895, 8.137939, 29.78025, -52.83813, 30, -33.04088, 28.56437, -52.83813
3 : 30, -20.17142, 30, -35.94101, 30, -28.60575, 29.7283, -35.94101
4 : 29.33401, -54.69744, 26.06504, 9.574041, 29.58851, 32.01467, 30, 9.574041

12 Genetic : 2.260705 Moved
1 : 29.56314, -6.196287, 30, -46.11358, 29.01339, 14.66264, 29.6518, -46.11358
2 : 29.92895, 8.137939, 29.78025, -52.83813, 30, -33.04088, 28.56437, -52.83813
3 : 30, -20.17142, 30, -35.94101, 30, -28.60575, 29.7283, -35.94101
4 : 29.33401, -54.69744, 26.06504, 9.574041, 29.58851, 32.01467, 30, 9.574041

13 Genetic : 2.250538 Moved
1 : 29.56314, -6.196287, 30, -46.11358, 29.01339, 14.66264, 29.6518, -46.11358
2 : 29.92895, 8.137939, 29.78025, -52.83813, 30, -33.04088, 28.56437, -52.83813
3 : 30, -20.17142, 30, -35.94101, 30, -28.60575, 29.7283, -35.94101
4 : 29.33401, -54.69744, 26.06504, 9.574041, 29.58851, 32.01467, 30, 9.574041

14 Genetic : 1.890961 Moved
1 : 29.56314, -6.196287, 30, -46.11358, 29.01339, 14.66264, 29.6518, -46.11358
2 : 29.92895, 8.137939, 29.78025, -52.83813, 30, -33.04088, 28.56437, -52.83813
3 : 30, -20.17142, 30, -35.94101, 30, -28.60575, 29.7283, -35.94101
4 : 29.33401, -54.69744, 26.06504, 9.574041, 29.58851, 32.01467, 30, 9.574041

15 Genetic : 1.808 Moved
1 : 29.56314, -6.196287, 30, -46.11358, 29.01339, 14.66264, 29.6518, -46.11358
2 : 29.92895, 8.137939, 29.78025, -52.83813, 30, -33.04088, 28.56437, -52.83813
3 : 30, -20.17142, 30, -35.94101, 30, -28.60575, 29.7283, -35.94101
4 : 29.33401, -54.69744, 26.06504, 9.574041, 29.58851, 32.01467, 30, 9.574041

16 Genetic : 1.747055 Moved
1 : 29.56314, -6.196287, 30, -46.11358, 29.01339, 14.66264, 29.6518, -46.11358
2 : 29.92895, 8.137939, 29.78025, -52.83813, 30, -33.04088, 28.56437, -52.83813
3 : 30, -20.17142, 30, -35.94101, 30, -28.60575, 29.7283, -35.94101
4 : 29.33401, -54.69744, 26.06504, 9.574041, 29.58851, 32.01467, 30, 9.574041

17 Genetic : 1.699994 Moved
1 : 29.56314, -6.196287, 30, -46.11358, 29.01339, 14.66264, 29.6518, -46.11358
2 : 29.92895, 8.137939, 29.78025, -52.83813, 30, -33.04088, 28.56437, -52.83813
3 : 30, -20.17142, 30, -35.94101, 30, -28.60575, 29.7283, -35.94101
4 : 29.33401, -54.69744, 26.06504, 9.574041, 29.58851, 32.01467, 30, 9.574041

18 Genetic : 1.633526 Moved
1 : 29.56314, -6.196287, 30, -46.11358, 29.01339, 14.66264, 29.6518, -46.11358
2 : 29.92895, 8.137939, 29.78025, -52.83813, 30, -33.04088, 28.56437, -52.83813
3 : 30, -20.17142, 30, -35.94101, 30, -28.60575, 29.7283, -35.94101
4 : 29.33401, -54.69744, 26.06504, 9.574041, 29.58851, 32.01467, 30, 9.574041

19 Genetic : 1.5441 Moved
1 : 29.56314, -6.196287, 30, -46.11358, 29.01339, 14.66264, 29.6518, -46.11358
2 : 29.92895, 8.137939, 29.78025, -52.83813, 30, -33.04088, 28.56437, -52.83813
3 : 30, -20.17142, 30, -35.94101, 30, -28.60575, 29.7283, -35.94101
4 : 29.33401, -54.69744, 26.06504, 9.574041, 29.58851, 32.01467, 30, 9.574041

20 Genetic : 1.512649 Moved
1 : 29.56314, -6.196287, 30, -46.11358, 29.01339, 14.66264, 29.6518, -46.11358
2 : 29.92895, 8.137939, 29.78025, -52.83813, 30, -33.04088, 28.56437, -52.83813
3 : 30, -20.17142, 30, -35.94101, 30, -28.60575, 29.7283, -35.94101
4 : 29.33401, -54.69744, 26.06504, 9.574041, 29.58851, 32.01467, 30, 9.574041

21 Genetic : 1.509259 Moved
1 : 29.56314, -6.196287, 30, -46.11358, 29.01339, 14.66264, 29.6518, -46.11358
2 : 29.92895, 8.137939, 29.78025, -52.83813, 30, -33.04088, 28.56437, -52.83813
3 : 30, -20.17142, 30, -35.94101, 30, -28.60575, 29.7283, -35.94101
4 : 29.33401, -54.69744, 26.06504, 9.574041, 29.58851, 32.01467, 30, 9.574041

22 Genetic : 1.461852 Moved
1 : 29.56314, -6.196287, 30, -46.11358, 29.01339, 14.66264, 29.6518, -46.11358
2 : 29.92895, 8.137939, 29.78025, -52.83813, 30, -33.04088, 28.56437, -52.83813
3 : 30, -20.17142, 30, -35.94101, 30, -28.60575, 29.7283, -35.94101
4 : 29.33401, -54.69744, 26.06504, 9.574041, 29.58851, 32.01467, 30, 9.574041

23 Genetic : 1.441436 Moved
1 : 29.56314, -6.196287, 30, -46.11358, 29.01339, 14.66264, 29.6518, -46.11358
2 : 29.92895, 8.137939, 29.78025, -52.83813, 30, -33.04088, 28.56437, -52.83813
3 : 30, -20.17142, 30, -35.94101, 30, -28.60575, 29.7283, -35.94101
4 : 29.33401, -54.69744, 26.06504, 9.574041, 29.58851, 32.01467, 30, 9.574041

24 Genetic : 1.431127 Moved
1 : 29.56314, -6.196287, 30, -46.11358, 29.01339, 14.66264, 29.6518, -46.11358
2 : 29.92895, 8.137939, 29.78025, -52.83813, 30, -33.04088, 28.56437, -52.83813
3 : 30, -20.17142, 30, -35.94101, 30, -28.60575, 29.7283, -35.94101
4 : 29.33401, -54.69744, 26.06504, 9.574041, 29.58851, 32.01467, 30, 9.574041

25 Genetic : 1.316569 Moved
1 : 29.56314, -6.196287, 30, -46.11358, 29.01339, 14.66264, 29.6518, -46.11358
2 : 29.92895, 8.137939, 29.78025, -52.83813, 30, -33.04088, 28.56437, -52.83813
3 : 30, -20.17142, 30, -35.94101, 30, -28.60575, 29.7283, -35.94101
4 : 29.33401, -54.69744, 26.06504, 9.574041, 29.58851, 32.01467, 30, 9.574041

26 Genetic : 1.3026 Moved
1 : 29.56314, -6.196287, 30, -46.11358, 29.01339, 14.66264, 29.6518, -46.11358
2 : 29.92895, 8.137939, 29.78025, -52.83813, 30, -33.04088, 28.56437, -52.83813
3 : 30, -20.17142, 30, -35.94101, 30, -28.60575, 29.7283, -35.94101
4 : 29.33401, -54.69744, 26.06504, 9.574041, 29.58851, 32.01467, 30, 9.574041

27 Genetic : 1.292653 Moved
1 : 29.56314, -6.196287, 30, -46.11358, 29.01339, 14.66264, 29.6518, -46.11358
2 : 29.92895, 8.137939, 29.78025, -52.83813, 30, -33.04088, 28.56437, -52.83813
3 : 30, -20.17142, 30, -35.94101, 30, -28.60575, 29.7283, -35.94101
4 : 29.33401, -54.69744, 26.06504, 9.574041, 29.58851, 32.01467, 30, 9.574041

28 Genetic : 1.242809 Moved
1 : 29.56314, -6.196287, 30, -46.11358, 29.01339, 14.66264, 29.6518, -46.11358
2 : 29.92895, 8.137939, 29.78025, -52.83813, 30, -33.04088, 28.56437, -52.83813
3 : 30, -20.17142, 30, -35.94101, 30, -28.60575, 29.7283, -35.94101
4 : 29.33401, -54.69744, 26.06504, 9.574041, 29.58851, 32.01467, 30, 9.574041

29 Genetic : 1.203013 Moved
1 : 29.56314, -6.196287, 30, -46.11358, 29.01339, 14.66264, 29.6518, -46.11358
2 : 29.92895, 8.137939, 29.78025, -52.83813, 30, -33.04088, 28.56437, -52.83813
3 : 30, -20.17142, 30, -35.94101, 30, -28.60575, 29.7283, -35.94101
4 : 29.33401, -54.69744, 26.06504, 9.574041, 29.58851, 32.01467, 30, 9.574041

30 Genetic : 1.159094 Moved
1 : 29.56314, -6.196287, 30, -46.11358, 29.01339, 14.66264, 29.6518, -46.11358
2 : 29.92895, 8.137939, 29.78025, -52.83813, 30, -33.04088, 28.56437, -52.83813
3 : 30, -20.17142, 30, -35.94101, 30, -28.60575, 29.7283, -35.94101
4 : 29.33401, -54.69744, 26.06504, 9.574041, 29.58851, 32.01467, 30, 9.574041

31 Genetic : 1.067948 Moved
1 : 29.56314, -6.196287, 30, -46.11358, 29.01339, 14.66264, 29.6518, -46.11358
2 : 29.92895, 8.137939, 29.78025, -52.83813, 30, -33.04088, 28.56437, -52.83813
3 : 30, -20.17142, 30, -35.94101, 30, -28.60575, 29.7283, -35.94101
4 : 29.33401, -54.69744, 26.06504, 9.574041, 29.58851, 32.01467, 30, 9.574041

32 Genetic : 1.005476 Moved
1 : 29.56314, -6.196287, 30, -46.11358, 29.01339, 14.66264, 29.6518, -46.11358
2 : 29.92895, 8.137939, 29.78025, -52.83813, 30, -33.04088, 28.56437, -52.83813
3 : 30, -20.17142, 30, -35.94101, 30, -28.60575, 29.7283, -35.94101
4 : 29.33401, -54.69744, 26.06504, 9.574041, 29.58851, 32.01467, 30, 9.574041

