1 Genetic : 4.292886 Moved
1 : 30, -17.00585, 29.58509, -52.33178, 30, 19.53151, 30, -52.33178
2 : 29.46711, -4.99972, 30, -19.1466, 30, -25.51125, 29.57156, -19.1466
3 : 30, -54.65476, 30, -50.60106, 29.94421, -7.450479, 30, -50.60106
4 : 30, -16.16636, 29.31089, 24.23846, 29.98747, 48.26785, 30, 24.23846

2 Genetic : 3.646922 Moved
1 : 30, -17.00585, 29.58509, -52.33178, 30, 19.53151, 30, -52.33178
2 : 29.46711, -4.99972, 30, -19.1466, 30, -25.51125, 29.57156, -19.1466
3 : 30, -54.65476, 30, -50.60106, 29.94421, -7.450479, 30, -50.60106
4 : 30, -16.16636, 29.31089, 24.23846, 29.98747, 48.26785, 30, 24.23846

3 Genetic : 3.350203 Moved
1 : 30, -17.00585, 29.58509, -52.33178, 30, 19.53151, 30, -52.33178
2 : 29.46711, -4.99972, 30, -19.1466, 30, -25.51125, 29.57156, -19.1466
3 : 30, -54.65476, 30, -50.60106, 29.94421, -7.450479, 30, -50.60106
4 : 30, -16.16636, 29.31089, 24.23846, 29.98747, 48.26785, 30, 24.23846

4 Genetic : 3.345066 Moved
1 : 30, -17.00585, 29.58509, -52.33178, 30, 19.53151, 30, -52.33178
2 : 29.46711, -4.99972, 30, -19.1466, 30, -25.51125, 29.57156, -19.1466
3 : 30, -54.65476, 30, -50.60106, 29.94421, -7.450479, 30, -50.60106
4 : 30, -16.16636, 29.31089, 24.23846, 29.98747, 48.26785, 30, 24.23846

5 Genetic : 3.334444 Moved
1 : 30, -17.00585, 29.58509, -52.33178, 30, 19.53151, 30, -52.33178
2 : 29.46711, -4.99972, 30, -19.1466, 30, -25.51125, 29.57156, -19.1466
3 : 30, -54.65476, 30, -50.60106, 29.94421, -7.450479, 30, -50.60106
4 : 30, -16.16636, 29.31089, 24.23846, 29.98747, 48.26785, 30, 24.23846

6 Genetic : 3.256208 Moved
1 : 30, -17.00585, 29.58509, -52.33178, 30, 19.53151, 30, -52.33178
2 : 29.46711, -4.99972, 30, -19.1466, 30, -25.51125, 29.57156, -19.1466
3 : 30, -54.65476, 30, -50.60106, 29.94421, -7.450479, 30, -50.60106
4 : 30, -16.16636, 29.31089, 24.23846, 29.98747, 48.26785, 30, 24.23846

7 Genetic : 3.222326 Moved
1 : 30, -17.00585, 29.58509, -52.33178, 30, 19.53151, 30, -52.33178
2 : 29.46711, -4.99972, 30, -19.1466, 30, -25.51125, 29.57156, -19.1466
3 : 30, -54.65476, 30, -50.60106, 29.94421, -7.450479, 30, -50.60106
4 : 30, -16.16636, 29.31089, 24.23846, 29.98747, 48.26785, 30, 24.23846

8 Genetic : 3.154484 Moved
1 : 30, -17.00585, 29.58509, -52.33178, 30, 19.53151, 30, -52.33178
2 : 29.46711, -4.99972, 30, -19.1466, 30, -25.51125, 29.57156, -19.1466
3 : 30, -54.65476, 30, -50.60106, 29.94421, -7.450479, 30, -50.60106
4 : 30, -16.16636, 29.31089, 24.23846, 29.98747, 48.26785, 30, 24.23846

9 Genetic : 3.152 Moved
1 : 30, -17.00585, 29.58509, -52.33178, 30, 19.53151, 30, -52.33178
2 : 29.46711, -4.99972, 30, -19.1466, 30, -25.51125, 29.57156, -19.1466
3 : 30, -54.65476, 30, -50.60106, 29.94421, -7.450479, 30, -50.60106
4 : 30, -16.16636, 29.31089, 24.23846, 29.98747, 48.26785, 30, 24.23846

10 Genetic : 3.141269 Moved
1 : 30, -17.00585, 29.58509, -52.33178, 30, 19.53151, 30, -52.33178
2 : 29.46711, -4.99972, 30, -19.1466, 30, -25.51125, 29.57156, -19.1466
3 : 30, -54.65476, 30, -50.60106, 29.94421, -7.450479, 30, -50.60106
4 : 30, -16.16636, 29.31089, 24.23846, 29.98747, 48.26785, 30, 24.23846

11 Genetic : 3.08692 Moved
1 : 30, -17.00585, 29.58509, -52.33178, 30, 19.53151, 30, -52.33178
2 : 29.46711, -4.99972, 30, -19.1466, 30, -25.51125, 29.57156, -19.1466
3 : 30, -54.65476, 30, -50.60106, 29.94421, -7.450479, 30, -50.60106
4 : 30, -16.16636, 29.31089, 24.23846, 29.98747, 48.26785, 30, 24.23846

12 Genetic : 3.083928 Moved
1 : 30, -17.00585, 29.58509, -52.33178, 30, 19.53151, 30, -52.33178
2 : 29.46711, -4.99972, 30, -19.1466, 30, -25.51125, 29.57156, -19.1466
3 : 30, -54.65476, 30, -50.60106, 29.94421, -7.450479, 30, -50.60106
4 : 30, -16.16636, 29.31089, 24.23846, 29.98747, 48.26785, 30, 24.23846

13 Genetic : 3.078973 Moved
1 : 30, -17.00585, 29.58509, -52.33178, 30, 19.53151, 30, -52.33178
2 : 29.46711, -4.99972, 30, -19.1466, 30, -25.51125, 29.57156, -19.1466
3 : 30, -54.65476, 30, -50.60106, 29.94421, -7.450479, 30, -50.60106
4 : 30, -16.16636, 29.31089, 24.23846, 29.98747, 48.26785, 30, 24.23846

14 Genetic : 3.068603 Moved
1 : 30, -17.00585, 29.58509, -52.33178, 30, 19.53151, 30, -52.33178
2 : 29.46711, -4.99972, 30, -19.1466, 30, -25.51125, 29.57156, -19.1466
3 : 30, -54.65476, 30, -50.60106, 29.94421, -7.450479, 30, -50.60106
4 : 30, -16.16636, 29.31089, 24.23846, 29.98747, 48.26785, 30, 24.23846

15 Genetic : 3.038467 Moved
1 : 30, -17.00585, 29.58509, -52.33178, 30, 19.53151, 30, -52.33178
2 : 29.46711, -4.99972, 30, -19.1466, 30, -25.51125, 29.57156, -19.1466
3 : 30, -54.65476, 30, -50.60106, 29.94421, -7.450479, 30, -50.60106
4 : 30, -16.16636, 29.31089, 24.23846, 29.98747, 48.26785, 30, 24.23846

16 Genetic : 3.01965 Moved
1 : 30, -17.00585, 29.58509, -52.33178, 30, 19.53151, 30, -52.33178
2 : 29.46711, -4.99972, 30, -19.1466, 30, -25.51125, 29.57156, -19.1466
3 : 30, -54.65476, 30, -50.60106, 29.94421, -7.450479, 30, -50.60106
4 : 30, -16.16636, 29.31089, 24.23846, 29.98747, 48.26785, 30, 24.23846

17 Genetic : 2.943282 Moved
1 : 30, -17.00585, 29.58509, -52.33178, 30, 19.53151, 30, -52.33178
2 : 29.46711, -4.99972, 30, -19.1466, 30, -25.51125, 29.57156, -19.1466
3 : 30, -54.65476, 30, -50.60106, 29.94421, -7.450479, 30, -50.60106
4 : 30, -16.16636, 29.31089, 24.23846, 29.98747, 48.26785, 30, 24.23846

18 Genetic : 2.91454 Moved
1 : 30, -17.00585, 29.58509, -52.33178, 30, 19.53151, 30, -52.33178
2 : 29.46711, -4.99972, 30, -19.1466, 30, -25.51125, 29.57156, -19.1466
3 : 30, -54.65476, 30, -50.60106, 29.94421, -7.450479, 30, -50.60106
4 : 30, -16.16636, 29.31089, 24.23846, 29.98747, 48.26785, 30, 24.23846

19 Genetic : 2.908252 Moved
1 : 30, -17.00585, 29.58509, -52.33178, 30, 19.53151, 30, -52.33178
2 : 29.46711, -4.99972, 30, -19.1466, 30, -25.51125, 29.57156, -19.1466
3 : 30, -54.65476, 30, -50.60106, 29.94421, -7.450479, 30, -50.60106
4 : 30, -16.16636, 29.31089, 24.23846, 29.98747, 48.26785, 30, 24.23846

20 Genetic : 2.896127 Moved
1 : 30, -17.00585, 29.58509, -52.33178, 30, 19.53151, 30, -52.33178
2 : 29.46711, -4.99972, 30, -19.1466, 30, -25.51125, 29.57156, -19.1466
3 : 30, -54.65476, 30, -50.60106, 29.94421, -7.450479, 30, -50.60106
4 : 30, -16.16636, 29.31089, 24.23846, 29.98747, 48.26785, 30, 24.23846

21 Genetic : 2.867071 Moved
1 : 30, -17.00585, 29.58509, -52.33178, 30, 19.53151, 30, -52.33178
2 : 29.46711, -4.99972, 30, -19.1466, 30, -25.51125, 29.57156, -19.1466
3 : 30, -54.65476, 30, -50.60106, 29.94421, -7.450479, 30, -50.60106
4 : 30, -16.16636, 29.31089, 24.23846, 29.98747, 48.26785, 30, 24.23846

22 Genetic : 2.831866 Moved
1 : 30, -17.00585, 29.58509, -52.33178, 30, 19.53151, 30, -52.33178
2 : 29.46711, -4.99972, 30, -19.1466, 30, -25.51125, 29.57156, -19.1466
3 : 30, -54.65476, 30, -50.60106, 29.94421, -7.450479, 30, -50.60106
4 : 30, -16.16636, 29.31089, 24.23846, 29.98747, 48.26785, 30, 24.23846

23 Genetic : 2.817797 Moved
1 : 30, -17.00585, 29.58509, -52.33178, 30, 19.53151, 30, -52.33178
2 : 29.46711, -4.99972, 30, -19.1466, 30, -25.51125, 29.57156, -19.1466
3 : 30, -54.65476, 30, -50.60106, 29.94421, -7.450479, 30, -50.60106
4 : 30, -16.16636, 29.31089, 24.23846, 29.98747, 48.26785, 30, 24.23846

24 Genetic : 2.780375 Moved
1 : 30, -17.00585, 29.58509, -52.33178, 30, 19.53151, 30, -52.33178
2 : 29.46711, -4.99972, 30, -19.1466, 30, -25.51125, 29.57156, -19.1466
3 : 30, -54.65476, 30, -50.60106, 29.94421, -7.450479, 30, -50.60106
4 : 30, -16.16636, 29.31089, 24.23846, 29.98747, 48.26785, 30, 24.23846

25 Genetic : 2.756754 Moved
1 : 30, -17.00585, 29.58509, -52.33178, 30, 19.53151, 30, -52.33178
2 : 29.46711, -4.99972, 30, -19.1466, 30, -25.51125, 29.57156, -19.1466
3 : 30, -54.65476, 30, -50.60106, 29.94421, -7.450479, 30, -50.60106
4 : 30, -16.16636, 29.31089, 24.23846, 29.98747, 48.26785, 30, 24.23846

26 Genetic : 2.746331 Moved
1 : 30, -17.00585, 29.58509, -52.33178, 30, 19.53151, 30, -52.33178
2 : 29.46711, -4.99972, 30, -19.1466, 30, -25.51125, 29.57156, -19.1466
3 : 30, -54.65476, 30, -50.60106, 29.94421, -7.450479, 30, -50.60106
4 : 30, -16.16636, 29.31089, 24.23846, 29.98747, 48.26785, 30, 24.23846

27 Genetic : 2.746089 Moved
1 : 30, -17.00585, 29.58509, -52.33178, 30, 19.53151, 30, -52.33178
2 : 29.46711, -4.99972, 30, -19.1466, 30, -25.51125, 29.57156, -19.1466
3 : 30, -54.65476, 30, -50.60106, 29.94421, -7.450479, 30, -50.60106
4 : 30, -16.16636, 29.31089, 24.23846, 29.98747, 48.26785, 30, 24.23846

28 Genetic : 2.738831 Moved
1 : 30, -17.00585, 29.58509, -52.33178, 30, 19.53151, 30, -52.33178
2 : 29.46711, -4.99972, 30, -19.1466, 30, -25.51125, 29.57156, -19.1466
3 : 30, -54.65476, 30, -50.60106, 29.94421, -7.450479, 30, -50.60106
4 : 30, -16.16636, 29.31089, 24.23846, 29.98747, 48.26785, 30, 24.23846

29 Genetic : 2.733642 Moved
1 : 30, -17.00585, 29.58509, -52.33178, 30, 19.53151, 30, -52.33178
2 : 29.46711, -4.99972, 30, -19.1466, 30, -25.51125, 29.57156, -19.1466
3 : 30, -54.65476, 30, -50.60106, 29.94421, -7.450479, 30, -50.60106
4 : 30, -16.16636, 29.31089, 24.23846, 29.98747, 48.26785, 30, 24.23846

30 Genetic : 2.703003 Moved
1 : 30, -17.00585, 29.58509, -52.33178, 30, 19.53151, 30, -52.33178
2 : 29.46711, -4.99972, 30, -19.1466, 30, -25.51125, 29.57156, -19.1466
3 : 30, -54.65476, 30, -50.60106, 29.94421, -7.450479, 30, -50.60106
4 : 30, -16.16636, 29.31089, 24.23846, 29.98747, 48.26785, 30, 24.23846

31 Genetic : 2.682424 Moved
1 : 30, -17.00585, 29.58509, -52.33178, 30, 19.53151, 30, -52.33178
2 : 29.46711, -4.99972, 30, -19.1466, 30, -25.51125, 29.57156, -19.1466
3 : 30, -54.65476, 30, -50.60106, 29.94421, -7.450479, 30, -50.60106
4 : 30, -16.16636, 29.31089, 24.23846, 29.98747, 48.26785, 30, 24.23846

32 Genetic : 2.669312 Moved
1 : 30, -17.00585, 29.58509, -52.33178, 30, 19.53151, 30, -52.33178
2 : 29.46711, -4.99972, 30, -19.1466, 30, -25.51125, 29.57156, -19.1466
3 : 30, -54.65476, 30, -50.60106, 29.94421, -7.450479, 30, -50.60106
4 : 30, -16.16636, 29.31089, 24.23846, 29.98747, 48.26785, 30, 24.23846

