1 Genetic : 2.179302 Moved
1 : 30, 6.889905, 29.06148, -58.84273, 30, 21.41825, 30, -58.84273
2 : 30, -19.65664, 30, -41.78962, 30, -48.6406, 28.00218, -41.78962
3 : 30, -39.65059, 30, -31.42023, 29.64528, 10.51312, 29.95958, -31.42023
4 : 29.53388, 6.692754, 29.50673, -15.86661, 30, 50.2827, 29.62581, -15.86661

2 Genetic : 2.136961 Moved
1 : 30, 6.889905, 29.06148, -58.84273, 30, 21.41825, 30, -58.84273
2 : 30, -19.65664, 30, -41.78962, 30, -48.6406, 28.00218, -41.78962
3 : 30, -39.65059, 30, -31.42023, 29.64528, 10.51312, 29.95958, -31.42023
4 : 29.53388, 6.692754, 29.50673, -15.86661, 30, 50.2827, 29.62581, -15.86661

3 Genetic : 2.098835 Moved
1 : 30, 6.889905, 29.06148, -58.84273, 30, 21.41825, 30, -58.84273
2 : 30, -19.65664, 30, -41.78962, 30, -48.6406, 28.00218, -41.78962
3 : 30, -39.65059, 30, -31.42023, 29.64528, 10.51312, 29.95958, -31.42023
4 : 29.53388, 6.692754, 29.50673, -15.86661, 30, 50.2827, 29.62581, -15.86661

4 Genetic : 1.862329 Moved
1 : 30, 6.889905, 29.06148, -58.84273, 30, 21.41825, 30, -58.84273
2 : 30, -19.65664, 30, -41.78962, 30, -48.6406, 28.00218, -41.78962
3 : 30, -39.65059, 30, -31.42023, 29.64528, 10.51312, 29.95958, -31.42023
4 : 29.53388, 6.692754, 29.50673, -15.86661, 30, 50.2827, 29.62581, -15.86661

5 Genetic : 1.788941 Moved
1 : 30, 6.889905, 29.06148, -58.84273, 30, 21.41825, 30, -58.84273
2 : 30, -19.65664, 30, -41.78962, 30, -48.6406, 28.00218, -41.78962
3 : 30, -39.65059, 30, -31.42023, 29.64528, 10.51312, 29.95958, -31.42023
4 : 29.53388, 6.692754, 29.50673, -15.86661, 30, 50.2827, 29.62581, -15.86661

6 Genetic : 1.771863 Moved
1 : 30, 6.889905, 29.06148, -58.84273, 30, 21.41825, 30, -58.84273
2 : 30, -19.65664, 30, -41.78962, 30, -48.6406, 28.00218, -41.78962
3 : 30, -39.65059, 30, -31.42023, 29.64528, 10.51312, 29.95958, -31.42023
4 : 29.53388, 6.692754, 29.50673, -15.86661, 30, 50.2827, 29.62581, -15.86661

7 Genetic : 1.720773 Moved
1 : 30, 6.889905, 29.06148, -58.84273, 30, 21.41825, 30, -58.84273
2 : 30, -19.65664, 30, -41.78962, 30, -48.6406, 28.00218, -41.78962
3 : 30, -39.65059, 30, -31.42023, 29.64528, 10.51312, 29.95958, -31.42023
4 : 29.53388, 6.692754, 29.50673, -15.86661, 30, 50.2827, 29.62581, -15.86661

8 Genetic : 1.68857 Moved
1 : 30, 6.889905, 29.06148, -58.84273, 30, 21.41825, 30, -58.84273
2 : 30, -19.65664, 30, -41.78962, 30, -48.6406, 28.00218, -41.78962
3 : 30, -39.65059, 30, -31.42023, 29.64528, 10.51312, 29.95958, -31.42023
4 : 29.53388, 6.692754, 29.50673, -15.86661, 30, 50.2827, 29.62581, -15.86661

9 Genetic : 1.568904 Moved
1 : 30, 6.889905, 29.06148, -58.84273, 30, 21.41825, 30, -58.84273
2 : 30, -19.65664, 30, -41.78962, 30, -48.6406, 28.00218, -41.78962
3 : 30, -39.65059, 30, -31.42023, 29.64528, 10.51312, 29.95958, -31.42023
4 : 29.53388, 6.692754, 29.50673, -15.86661, 30, 50.2827, 29.62581, -15.86661

10 Genetic : 1.517882 Moved
1 : 30, 6.889905, 29.06148, -58.84273, 30, 21.41825, 30, -58.84273
2 : 30, -19.65664, 30, -41.78962, 30, -48.6406, 28.00218, -41.78962
3 : 30, -39.65059, 30, -31.42023, 29.64528, 10.51312, 29.95958, -31.42023
4 : 29.53388, 6.692754, 29.50673, -15.86661, 30, 50.2827, 29.62581, -15.86661

11 Genetic : 1.492458 Moved
1 : 30, 6.889905, 29.06148, -58.84273, 30, 21.41825, 30, -58.84273
2 : 30, -19.65664, 30, -41.78962, 30, -48.6406, 28.00218, -41.78962
3 : 30, -39.65059, 30, -31.42023, 29.64528, 10.51312, 29.95958, -31.42023
4 : 29.53388, 6.692754, 29.50673, -15.86661, 30, 50.2827, 29.62581, -15.86661

12 Genetic : 1.461873 Moved
1 : 30, 6.889905, 29.06148, -58.84273, 30, 21.41825, 30, -58.84273
2 : 30, -19.65664, 30, -41.78962, 30, -48.6406, 28.00218, -41.78962
3 : 30, -39.65059, 30, -31.42023, 29.64528, 10.51312, 29.95958, -31.42023
4 : 29.53388, 6.692754, 29.50673, -15.86661, 30, 50.2827, 29.62581, -15.86661

13 Genetic : 1.457316 Moved
1 : 30, 6.889905, 29.06148, -58.84273, 30, 21.41825, 30, -58.84273
2 : 30, -19.65664, 30, -41.78962, 30, -48.6406, 28.00218, -41.78962
3 : 30, -39.65059, 30, -31.42023, 29.64528, 10.51312, 29.95958, -31.42023
4 : 29.53388, 6.692754, 29.50673, -15.86661, 30, 50.2827, 29.62581, -15.86661

14 Genetic : 1.387045 Moved
1 : 30, 6.889905, 29.06148, -58.84273, 30, 21.41825, 30, -58.84273
2 : 30, -19.65664, 30, -41.78962, 30, -48.6406, 28.00218, -41.78962
3 : 30, -39.65059, 30, -31.42023, 29.64528, 10.51312, 29.95958, -31.42023
4 : 29.53388, 6.692754, 29.50673, -15.86661, 30, 50.2827, 29.62581, -15.86661

15 Genetic : 1.330757 Moved
1 : 30, 6.889905, 29.06148, -58.84273, 30, 21.41825, 30, -58.84273
2 : 30, -19.65664, 30, -41.78962, 30, -48.6406, 28.00218, -41.78962
3 : 30, -39.65059, 30, -31.42023, 29.64528, 10.51312, 29.95958, -31.42023
4 : 29.53388, 6.692754, 29.50673, -15.86661, 30, 50.2827, 29.62581, -15.86661

16 Genetic : 1.262726 Moved
1 : 30, 6.889905, 29.06148, -58.84273, 30, 21.41825, 30, -58.84273
2 : 30, -19.65664, 30, -41.78962, 30, -48.6406, 28.00218, -41.78962
3 : 30, -39.65059, 30, -31.42023, 29.64528, 10.51312, 29.95958, -31.42023
4 : 29.53388, 6.692754, 29.50673, -15.86661, 30, 50.2827, 29.62581, -15.86661

17 Genetic : 1.24625 Moved
1 : 30, 6.889905, 29.06148, -58.84273, 30, 21.41825, 30, -58.84273
2 : 30, -19.65664, 30, -41.78962, 30, -48.6406, 28.00218, -41.78962
3 : 30, -39.65059, 30, -31.42023, 29.64528, 10.51312, 29.95958, -31.42023
4 : 29.53388, 6.692754, 29.50673, -15.86661, 30, 50.2827, 29.62581, -15.86661

18 Genetic : 1.190457 Moved
1 : 30, 6.889905, 29.06148, -58.84273, 30, 21.41825, 30, -58.84273
2 : 30, -19.65664, 30, -41.78962, 30, -48.6406, 28.00218, -41.78962
3 : 30, -39.65059, 30, -31.42023, 29.64528, 10.51312, 29.95958, -31.42023
4 : 29.53388, 6.692754, 29.50673, -15.86661, 30, 50.2827, 29.62581, -15.86661

19 Genetic : 1.15906 Moved
1 : 30, 6.889905, 29.06148, -58.84273, 30, 21.41825, 30, -58.84273
2 : 30, -19.65664, 30, -41.78962, 30, -48.6406, 28.00218, -41.78962
3 : 30, -39.65059, 30, -31.42023, 29.64528, 10.51312, 29.95958, -31.42023
4 : 29.53388, 6.692754, 29.50673, -15.86661, 30, 50.2827, 29.62581, -15.86661

20 Genetic : 1.070843 Moved
1 : 30, 6.889905, 29.06148, -58.84273, 30, 21.41825, 30, -58.84273
2 : 30, -19.65664, 30, -41.78962, 30, -48.6406, 28.00218, -41.78962
3 : 30, -39.65059, 30, -31.42023, 29.64528, 10.51312, 29.95958, -31.42023
4 : 29.53388, 6.692754, 29.50673, -15.86661, 30, 50.2827, 29.62581, -15.86661

21 Genetic : 1.067762 Moved
1 : 30, 6.889905, 29.06148, -58.84273, 30, 21.41825, 30, -58.84273
2 : 30, -19.65664, 30, -41.78962, 30, -48.6406, 28.00218, -41.78962
3 : 30, -39.65059, 30, -31.42023, 29.64528, 10.51312, 29.95958, -31.42023
4 : 29.53388, 6.692754, 29.50673, -15.86661, 30, 50.2827, 29.62581, -15.86661

22 Genetic : 1.041953 Moved
1 : 30, 6.889905, 29.06148, -58.84273, 30, 21.41825, 30, -58.84273
2 : 30, -19.65664, 30, -41.78962, 30, -48.6406, 28.00218, -41.78962
3 : 30, -39.65059, 30, -31.42023, 29.64528, 10.51312, 29.95958, -31.42023
4 : 29.53388, 6.692754, 29.50673, -15.86661, 30, 50.2827, 29.62581, -15.86661

23 Genetic : 1.040875 Moved
1 : 30, 6.889905, 29.06148, -58.84273, 30, 21.41825, 30, -58.84273
2 : 30, -19.65664, 30, -41.78962, 30, -48.6406, 28.00218, -41.78962
3 : 30, -39.65059, 30, -31.42023, 29.64528, 10.51312, 29.95958, -31.42023
4 : 29.53388, 6.692754, 29.50673, -15.86661, 30, 50.2827, 29.62581, -15.86661

24 Genetic : 1.027412 Moved
1 : 30, 6.889905, 29.06148, -58.84273, 30, 21.41825, 30, -58.84273
2 : 30, -19.65664, 30, -41.78962, 30, -48.6406, 28.00218, -41.78962
3 : 30, -39.65059, 30, -31.42023, 29.64528, 10.51312, 29.95958, -31.42023
4 : 29.53388, 6.692754, 29.50673, -15.86661, 30, 50.2827, 29.62581, -15.86661

25 Genetic : 1.005171 Moved
1 : 30, 6.889905, 29.06148, -58.84273, 30, 21.41825, 30, -58.84273
2 : 30, -19.65664, 30, -41.78962, 30, -48.6406, 28.00218, -41.78962
3 : 30, -39.65059, 30, -31.42023, 29.64528, 10.51312, 29.95958, -31.42023
4 : 29.53388, 6.692754, 29.50673, -15.86661, 30, 50.2827, 29.62581, -15.86661

26 Genetic : 0.9935769 Moved
1 : 30, 6.889905, 29.06148, -58.84273, 30, 21.41825, 30, -58.84273
2 : 30, -19.65664, 30, -41.78962, 30, -48.6406, 28.00218, -41.78962
3 : 30, -39.65059, 30, -31.42023, 29.64528, 10.51312, 29.95958, -31.42023
4 : 29.53388, 6.692754, 29.50673, -15.86661, 30, 50.2827, 29.62581, -15.86661

27 Genetic : 0.9554658 Moved
1 : 30, 6.889905, 29.06148, -58.84273, 30, 21.41825, 30, -58.84273
2 : 30, -19.65664, 30, -41.78962, 30, -48.6406, 28.00218, -41.78962
3 : 30, -39.65059, 30, -31.42023, 29.64528, 10.51312, 29.95958, -31.42023
4 : 29.53388, 6.692754, 29.50673, -15.86661, 30, 50.2827, 29.62581, -15.86661

28 Genetic : 0.9324251 Moved
1 : 30, 6.889905, 29.06148, -58.84273, 30, 21.41825, 30, -58.84273
2 : 30, -19.65664, 30, -41.78962, 30, -48.6406, 28.00218, -41.78962
3 : 30, -39.65059, 30, -31.42023, 29.64528, 10.51312, 29.95958, -31.42023
4 : 29.53388, 6.692754, 29.50673, -15.86661, 30, 50.2827, 29.62581, -15.86661

29 Genetic : 0.9321025 Moved
1 : 30, 6.889905, 29.06148, -58.84273, 30, 21.41825, 30, -58.84273
2 : 30, -19.65664, 30, -41.78962, 30, -48.6406, 28.00218, -41.78962
3 : 30, -39.65059, 30, -31.42023, 29.64528, 10.51312, 29.95958, -31.42023
4 : 29.53388, 6.692754, 29.50673, -15.86661, 30, 50.2827, 29.62581, -15.86661

30 Genetic : 0.8966017 Moved
1 : 30, 6.889905, 29.06148, -58.84273, 30, 21.41825, 30, -58.84273
2 : 30, -19.65664, 30, -41.78962, 30, -48.6406, 28.00218, -41.78962
3 : 30, -39.65059, 30, -31.42023, 29.64528, 10.51312, 29.95958, -31.42023
4 : 29.53388, 6.692754, 29.50673, -15.86661, 30, 50.2827, 29.62581, -15.86661

31 Genetic : 0.8829279 Moved
1 : 30, 6.889905, 29.06148, -58.84273, 30, 21.41825, 30, -58.84273
2 : 30, -19.65664, 30, -41.78962, 30, -48.6406, 28.00218, -41.78962
3 : 30, -39.65059, 30, -31.42023, 29.64528, 10.51312, 29.95958, -31.42023
4 : 29.53388, 6.692754, 29.50673, -15.86661, 30, 50.2827, 29.62581, -15.86661

32 Genetic : 0.87807 Moved
1 : 30, 6.889905, 29.06148, -58.84273, 30, 21.41825, 30, -58.84273
2 : 30, -19.65664, 30, -41.78962, 30, -48.6406, 28.00218, -41.78962
3 : 30, -39.65059, 30, -31.42023, 29.64528, 10.51312, 29.95958, -31.42023
4 : 29.53388, 6.692754, 29.50673, -15.86661, 30, 50.2827, 29.62581, -15.86661

