1 Genetic : 3.994778 Moved
1 : 28.38705, -15.45832, 29.90033, -39.74391, 29.79817, 24.75009, 30, -39.74391
2 : 30, -50.87978, 29.63571, -32.02997, 30, -44.68232, 29.93076, -32.02997
3 : 30, 12.4838, 29.36763, -5.690121, 29.37088, 23.66562, 30, -5.690121
4 : 30, -2.44619, 30, -0.368542, 30, 60, 30, -0.368542

2 Genetic : 3.522499 Moved
1 : 28.38705, -15.45832, 29.90033, -39.74391, 29.79817, 24.75009, 30, -39.74391
2 : 30, -50.87978, 29.63571, -32.02997, 30, -44.68232, 29.93076, -32.02997
3 : 30, 12.4838, 29.36763, -5.690121, 29.37088, 23.66562, 30, -5.690121
4 : 30, -2.44619, 30, -0.368542, 30, 60, 30, -0.368542

3 Genetic : 3.514972 Moved
1 : 28.38705, -15.45832, 29.90033, -39.74391, 29.79817, 24.75009, 30, -39.74391
2 : 30, -50.87978, 29.63571, -32.02997, 30, -44.68232, 29.93076, -32.02997
3 : 30, 12.4838, 29.36763, -5.690121, 29.37088, 23.66562, 30, -5.690121
4 : 30, -2.44619, 30, -0.368542, 30, 60, 30, -0.368542

4 Genetic : 3.31092 Moved
1 : 28.38705, -15.45832, 29.90033, -39.74391, 29.79817, 24.75009, 30, -39.74391
2 : 30, -50.87978, 29.63571, -32.02997, 30, -44.68232, 29.93076, -32.02997
3 : 30, 12.4838, 29.36763, -5.690121, 29.37088, 23.66562, 30, -5.690121
4 : 30, -2.44619, 30, -0.368542, 30, 60, 30, -0.368542

5 Genetic : 3.208682 Moved
1 : 28.38705, -15.45832, 29.90033, -39.74391, 29.79817, 24.75009, 30, -39.74391
2 : 30, -50.87978, 29.63571, -32.02997, 30, -44.68232, 29.93076, -32.02997
3 : 30, 12.4838, 29.36763, -5.690121, 29.37088, 23.66562, 30, -5.690121
4 : 30, -2.44619, 30, -0.368542, 30, 60, 30, -0.368542

6 Genetic : 3.124727 Moved
1 : 28.38705, -15.45832, 29.90033, -39.74391, 29.79817, 24.75009, 30, -39.74391
2 : 30, -50.87978, 29.63571, -32.02997, 30, -44.68232, 29.93076, -32.02997
3 : 30, 12.4838, 29.36763, -5.690121, 29.37088, 23.66562, 30, -5.690121
4 : 30, -2.44619, 30, -0.368542, 30, 60, 30, -0.368542

7 Genetic : 3.11404 Moved
1 : 28.38705, -15.45832, 29.90033, -39.74391, 29.79817, 24.75009, 30, -39.74391
2 : 30, -50.87978, 29.63571, -32.02997, 30, -44.68232, 29.93076, -32.02997
3 : 30, 12.4838, 29.36763, -5.690121, 29.37088, 23.66562, 30, -5.690121
4 : 30, -2.44619, 30, -0.368542, 30, 60, 30, -0.368542

8 Genetic : 3.000027 Moved
1 : 28.38705, -15.45832, 29.90033, -39.74391, 29.79817, 24.75009, 30, -39.74391
2 : 30, -50.87978, 29.63571, -32.02997, 30, -44.68232, 29.93076, -32.02997
3 : 30, 12.4838, 29.36763, -5.690121, 29.37088, 23.66562, 30, -5.690121
4 : 30, -2.44619, 30, -0.368542, 30, 60, 30, -0.368542

9 Genetic : 2.974022 Moved
1 : 28.38705, -15.45832, 29.90033, -39.74391, 29.79817, 24.75009, 30, -39.74391
2 : 30, -50.87978, 29.63571, -32.02997, 30, -44.68232, 29.93076, -32.02997
3 : 30, 12.4838, 29.36763, -5.690121, 29.37088, 23.66562, 30, -5.690121
4 : 30, -2.44619, 30, -0.368542, 30, 60, 30, -0.368542

10 Genetic : 2.972709 Moved
1 : 28.38705, -15.45832, 29.90033, -39.74391, 29.79817, 24.75009, 30, -39.74391
2 : 30, -50.87978, 29.63571, -32.02997, 30, -44.68232, 29.93076, -32.02997
3 : 30, 12.4838, 29.36763, -5.690121, 29.37088, 23.66562, 30, -5.690121
4 : 30, -2.44619, 30, -0.368542, 30, 60, 30, -0.368542

11 Genetic : 2.939061 Moved
1 : 28.38705, -15.45832, 29.90033, -39.74391, 29.79817, 24.75009, 30, -39.74391
2 : 30, -50.87978, 29.63571, -32.02997, 30, -44.68232, 29.93076, -32.02997
3 : 30, 12.4838, 29.36763, -5.690121, 29.37088, 23.66562, 30, -5.690121
4 : 30, -2.44619, 30, -0.368542, 30, 60, 30, -0.368542

12 Genetic : 2.758441 Moved
1 : 28.38705, -15.45832, 29.90033, -39.74391, 29.79817, 24.75009, 30, -39.74391
2 : 30, -50.87978, 29.63571, -32.02997, 30, -44.68232, 29.93076, -32.02997
3 : 30, 12.4838, 29.36763, -5.690121, 29.37088, 23.66562, 30, -5.690121
4 : 30, -2.44619, 30, -0.368542, 30, 60, 30, -0.368542

13 Genetic : 2.626229 Moved
1 : 28.38705, -15.45832, 29.90033, -39.74391, 29.79817, 24.75009, 30, -39.74391
2 : 30, -50.87978, 29.63571, -32.02997, 30, -44.68232, 29.93076, -32.02997
3 : 30, 12.4838, 29.36763, -5.690121, 29.37088, 23.66562, 30, -5.690121
4 : 30, -2.44619, 30, -0.368542, 30, 60, 30, -0.368542

14 Genetic : 2.548712 Moved
1 : 28.38705, -15.45832, 29.90033, -39.74391, 29.79817, 24.75009, 30, -39.74391
2 : 30, -50.87978, 29.63571, -32.02997, 30, -44.68232, 29.93076, -32.02997
3 : 30, 12.4838, 29.36763, -5.690121, 29.37088, 23.66562, 30, -5.690121
4 : 30, -2.44619, 30, -0.368542, 30, 60, 30, -0.368542

15 Genetic : 2.518552 Moved
1 : 28.38705, -15.45832, 29.90033, -39.74391, 29.79817, 24.75009, 30, -39.74391
2 : 30, -50.87978, 29.63571, -32.02997, 30, -44.68232, 29.93076, -32.02997
3 : 30, 12.4838, 29.36763, -5.690121, 29.37088, 23.66562, 30, -5.690121
4 : 30, -2.44619, 30, -0.368542, 30, 60, 30, -0.368542

16 Genetic : 2.474477 Moved
1 : 28.38705, -15.45832, 29.90033, -39.74391, 29.79817, 24.75009, 30, -39.74391
2 : 30, -50.87978, 29.63571, -32.02997, 30, -44.68232, 29.93076, -32.02997
3 : 30, 12.4838, 29.36763, -5.690121, 29.37088, 23.66562, 30, -5.690121
4 : 30, -2.44619, 30, -0.368542, 30, 60, 30, -0.368542

17 Genetic : 2.471214 Moved
1 : 28.38705, -15.45832, 29.90033, -39.74391, 29.79817, 24.75009, 30, -39.74391
2 : 30, -50.87978, 29.63571, -32.02997, 30, -44.68232, 29.93076, -32.02997
3 : 30, 12.4838, 29.36763, -5.690121, 29.37088, 23.66562, 30, -5.690121
4 : 30, -2.44619, 30, -0.368542, 30, 60, 30, -0.368542

18 Genetic : 2.362678 Moved
1 : 28.38705, -15.45832, 29.90033, -39.74391, 29.79817, 24.75009, 30, -39.74391
2 : 30, -50.87978, 29.63571, -32.02997, 30, -44.68232, 29.93076, -32.02997
3 : 30, 12.4838, 29.36763, -5.690121, 29.37088, 23.66562, 30, -5.690121
4 : 30, -2.44619, 30, -0.368542, 30, 60, 30, -0.368542

19 Genetic : 2.235562 Moved
1 : 28.38705, -15.45832, 29.90033, -39.74391, 29.79817, 24.75009, 30, -39.74391
2 : 30, -50.87978, 29.63571, -32.02997, 30, -44.68232, 29.93076, -32.02997
3 : 30, 12.4838, 29.36763, -5.690121, 29.37088, 23.66562, 30, -5.690121
4 : 30, -2.44619, 30, -0.368542, 30, 60, 30, -0.368542

20 Genetic : 2.225353 Moved
1 : 28.38705, -15.45832, 29.90033, -39.74391, 29.79817, 24.75009, 30, -39.74391
2 : 30, -50.87978, 29.63571, -32.02997, 30, -44.68232, 29.93076, -32.02997
3 : 30, 12.4838, 29.36763, -5.690121, 29.37088, 23.66562, 30, -5.690121
4 : 30, -2.44619, 30, -0.368542, 30, 60, 30, -0.368542

21 Genetic : 2.220937 Moved
1 : 28.38705, -15.45832, 29.90033, -39.74391, 29.79817, 24.75009, 30, -39.74391
2 : 30, -50.87978, 29.63571, -32.02997, 30, -44.68232, 29.93076, -32.02997
3 : 30, 12.4838, 29.36763, -5.690121, 29.37088, 23.66562, 30, -5.690121
4 : 30, -2.44619, 30, -0.368542, 30, 60, 30, -0.368542

22 Genetic : 2.209296 Moved
1 : 28.38705, -15.45832, 29.90033, -39.74391, 29.79817, 24.75009, 30, -39.74391
2 : 30, -50.87978, 29.63571, -32.02997, 30, -44.68232, 29.93076, -32.02997
3 : 30, 12.4838, 29.36763, -5.690121, 29.37088, 23.66562, 30, -5.690121
4 : 30, -2.44619, 30, -0.368542, 30, 60, 30, -0.368542

23 Genetic : 2.093779 Moved
1 : 28.38705, -15.45832, 29.90033, -39.74391, 29.79817, 24.75009, 30, -39.74391
2 : 30, -50.87978, 29.63571, -32.02997, 30, -44.68232, 29.93076, -32.02997
3 : 30, 12.4838, 29.36763, -5.690121, 29.37088, 23.66562, 30, -5.690121
4 : 30, -2.44619, 30, -0.368542, 30, 60, 30, -0.368542

24 Genetic : 2.082694 Moved
1 : 28.38705, -15.45832, 29.90033, -39.74391, 29.79817, 24.75009, 30, -39.74391
2 : 30, -50.87978, 29.63571, -32.02997, 30, -44.68232, 29.93076, -32.02997
3 : 30, 12.4838, 29.36763, -5.690121, 29.37088, 23.66562, 30, -5.690121
4 : 30, -2.44619, 30, -0.368542, 30, 60, 30, -0.368542

25 Genetic : 2.030346 Moved
1 : 28.38705, -15.45832, 29.90033, -39.74391, 29.79817, 24.75009, 30, -39.74391
2 : 30, -50.87978, 29.63571, -32.02997, 30, -44.68232, 29.93076, -32.02997
3 : 30, 12.4838, 29.36763, -5.690121, 29.37088, 23.66562, 30, -5.690121
4 : 30, -2.44619, 30, -0.368542, 30, 60, 30, -0.368542

26 Genetic : 1.892797 Moved
1 : 28.38705, -15.45832, 29.90033, -39.74391, 29.79817, 24.75009, 30, -39.74391
2 : 30, -50.87978, 29.63571, -32.02997, 30, -44.68232, 29.93076, -32.02997
3 : 30, 12.4838, 29.36763, -5.690121, 29.37088, 23.66562, 30, -5.690121
4 : 30, -2.44619, 30, -0.368542, 30, 60, 30, -0.368542

27 Genetic : 1.890345 Moved
1 : 28.38705, -15.45832, 29.90033, -39.74391, 29.79817, 24.75009, 30, -39.74391
2 : 30, -50.87978, 29.63571, -32.02997, 30, -44.68232, 29.93076, -32.02997
3 : 30, 12.4838, 29.36763, -5.690121, 29.37088, 23.66562, 30, -5.690121
4 : 30, -2.44619, 30, -0.368542, 30, 60, 30, -0.368542

28 Genetic : 1.875433 Moved
1 : 28.38705, -15.45832, 29.90033, -39.74391, 29.79817, 24.75009, 30, -39.74391
2 : 30, -50.87978, 29.63571, -32.02997, 30, -44.68232, 29.93076, -32.02997
3 : 30, 12.4838, 29.36763, -5.690121, 29.37088, 23.66562, 30, -5.690121
4 : 30, -2.44619, 30, -0.368542, 30, 60, 30, -0.368542

29 Genetic : 1.72919 Moved
1 : 28.38705, -15.45832, 29.90033, -39.74391, 29.79817, 24.75009, 30, -39.74391
2 : 30, -50.87978, 29.63571, -32.02997, 30, -44.68232, 29.93076, -32.02997
3 : 30, 12.4838, 29.36763, -5.690121, 29.37088, 23.66562, 30, -5.690121
4 : 30, -2.44619, 30, -0.368542, 30, 60, 30, -0.368542

30 Genetic : 1.639287 Moved
1 : 28.38705, -15.45832, 29.90033, -39.74391, 29.79817, 24.75009, 30, -39.74391
2 : 30, -50.87978, 29.63571, -32.02997, 30, -44.68232, 29.93076, -32.02997
3 : 30, 12.4838, 29.36763, -5.690121, 29.37088, 23.66562, 30, -5.690121
4 : 30, -2.44619, 30, -0.368542, 30, 60, 30, -0.368542

31 Genetic : 1.610389 Moved
1 : 28.38705, -15.45832, 29.90033, -39.74391, 29.79817, 24.75009, 30, -39.74391
2 : 30, -50.87978, 29.63571, -32.02997, 30, -44.68232, 29.93076, -32.02997
3 : 30, 12.4838, 29.36763, -5.690121, 29.37088, 23.66562, 30, -5.690121
4 : 30, -2.44619, 30, -0.368542, 30, 60, 30, -0.368542

32 Genetic : 1.571139 Moved
1 : 28.38705, -15.45832, 29.90033, -39.74391, 29.79817, 24.75009, 30, -39.74391
2 : 30, -50.87978, 29.63571, -32.02997, 30, -44.68232, 29.93076, -32.02997
3 : 30, 12.4838, 29.36763, -5.690121, 29.37088, 23.66562, 30, -5.690121
4 : 30, -2.44619, 30, -0.368542, 30, 60, 30, -0.368542

