1 Genetic : 3.270343 Moved
1 : 30, -5.670811, 30, -13.08931, 30, 36.0474, 29.30637, -13.08931
2 : 29.17628, -55.98637, 28.07837, -46.15841, 30, -60, 30, -46.15841
3 : 29.78699, -25.0581, 27.94907, -21.43888, 30, 6.078454, 29.02835, -21.43888
4 : 29.50641, -10.96067, 29.69169, 32.31584, 30, 35.61996, 30, 32.31584

2 Genetic : 3.083745 Moved
1 : 30, -5.670811, 30, -13.08931, 30, 36.0474, 29.30637, -13.08931
2 : 29.17628, -55.98637, 28.07837, -46.15841, 30, -60, 30, -46.15841
3 : 29.78699, -25.0581, 27.94907, -21.43888, 30, 6.078454, 29.02835, -21.43888
4 : 29.50641, -10.96067, 29.69169, 32.31584, 30, 35.61996, 30, 32.31584

3 Genetic : 2.912225 Moved
1 : 30, -5.670811, 30, -13.08931, 30, 36.0474, 29.30637, -13.08931
2 : 29.17628, -55.98637, 28.07837, -46.15841, 30, -60, 30, -46.15841
3 : 29.78699, -25.0581, 27.94907, -21.43888, 30, 6.078454, 29.02835, -21.43888
4 : 29.50641, -10.96067, 29.69169, 32.31584, 30, 35.61996, 30, 32.31584

4 Genetic : 2.88334 Moved
1 : 30, -5.670811, 30, -13.08931, 30, 36.0474, 29.30637, -13.08931
2 : 29.17628, -55.98637, 28.07837, -46.15841, 30, -60, 30, -46.15841
3 : 29.78699, -25.0581, 27.94907, -21.43888, 30, 6.078454, 29.02835, -21.43888
4 : 29.50641, -10.96067, 29.69169, 32.31584, 30, 35.61996, 30, 32.31584

5 Genetic : 2.841576 Moved
1 : 30, -5.670811, 30, -13.08931, 30, 36.0474, 29.30637, -13.08931
2 : 29.17628, -55.98637, 28.07837, -46.15841, 30, -60, 30, -46.15841
3 : 29.78699, -25.0581, 27.94907, -21.43888, 30, 6.078454, 29.02835, -21.43888
4 : 29.50641, -10.96067, 29.69169, 32.31584, 30, 35.61996, 30, 32.31584

6 Genetic : 2.765433 Moved
1 : 30, -5.670811, 30, -13.08931, 30, 36.0474, 29.30637, -13.08931
2 : 29.17628, -55.98637, 28.07837, -46.15841, 30, -60, 30, -46.15841
3 : 29.78699, -25.0581, 27.94907, -21.43888, 30, 6.078454, 29.02835, -21.43888
4 : 29.50641, -10.96067, 29.69169, 32.31584, 30, 35.61996, 30, 32.31584

7 Genetic : 2.705574 Moved
1 : 30, -5.670811, 30, -13.08931, 30, 36.0474, 29.30637, -13.08931
2 : 29.17628, -55.98637, 28.07837, -46.15841, 30, -60, 30, -46.15841
3 : 29.78699, -25.0581, 27.94907, -21.43888, 30, 6.078454, 29.02835, -21.43888
4 : 29.50641, -10.96067, 29.69169, 32.31584, 30, 35.61996, 30, 32.31584

8 Genetic : 2.555817 Moved
1 : 30, -5.670811, 30, -13.08931, 30, 36.0474, 29.30637, -13.08931
2 : 29.17628, -55.98637, 28.07837, -46.15841, 30, -60, 30, -46.15841
3 : 29.78699, -25.0581, 27.94907, -21.43888, 30, 6.078454, 29.02835, -21.43888
4 : 29.50641, -10.96067, 29.69169, 32.31584, 30, 35.61996, 30, 32.31584

9 Genetic : 2.522759 Moved
1 : 30, -5.670811, 30, -13.08931, 30, 36.0474, 29.30637, -13.08931
2 : 29.17628, -55.98637, 28.07837, -46.15841, 30, -60, 30, -46.15841
3 : 29.78699, -25.0581, 27.94907, -21.43888, 30, 6.078454, 29.02835, -21.43888
4 : 29.50641, -10.96067, 29.69169, 32.31584, 30, 35.61996, 30, 32.31584

10 Genetic : 2.397548 Moved
1 : 30, -5.670811, 30, -13.08931, 30, 36.0474, 29.30637, -13.08931
2 : 29.17628, -55.98637, 28.07837, -46.15841, 30, -60, 30, -46.15841
3 : 29.78699, -25.0581, 27.94907, -21.43888, 30, 6.078454, 29.02835, -21.43888
4 : 29.50641, -10.96067, 29.69169, 32.31584, 30, 35.61996, 30, 32.31584

11 Genetic : 2.392495 Moved
1 : 30, -5.670811, 30, -13.08931, 30, 36.0474, 29.30637, -13.08931
2 : 29.17628, -55.98637, 28.07837, -46.15841, 30, -60, 30, -46.15841
3 : 29.78699, -25.0581, 27.94907, -21.43888, 30, 6.078454, 29.02835, -21.43888
4 : 29.50641, -10.96067, 29.69169, 32.31584, 30, 35.61996, 30, 32.31584

12 Genetic : 2.326941 Moved
1 : 30, -5.670811, 30, -13.08931, 30, 36.0474, 29.30637, -13.08931
2 : 29.17628, -55.98637, 28.07837, -46.15841, 30, -60, 30, -46.15841
3 : 29.78699, -25.0581, 27.94907, -21.43888, 30, 6.078454, 29.02835, -21.43888
4 : 29.50641, -10.96067, 29.69169, 32.31584, 30, 35.61996, 30, 32.31584

13 Genetic : 2.312748 Moved
1 : 30, -5.670811, 30, -13.08931, 30, 36.0474, 29.30637, -13.08931
2 : 29.17628, -55.98637, 28.07837, -46.15841, 30, -60, 30, -46.15841
3 : 29.78699, -25.0581, 27.94907, -21.43888, 30, 6.078454, 29.02835, -21.43888
4 : 29.50641, -10.96067, 29.69169, 32.31584, 30, 35.61996, 30, 32.31584

14 Genetic : 2.288246 Moved
1 : 30, -5.670811, 30, -13.08931, 30, 36.0474, 29.30637, -13.08931
2 : 29.17628, -55.98637, 28.07837, -46.15841, 30, -60, 30, -46.15841
3 : 29.78699, -25.0581, 27.94907, -21.43888, 30, 6.078454, 29.02835, -21.43888
4 : 29.50641, -10.96067, 29.69169, 32.31584, 30, 35.61996, 30, 32.31584

15 Genetic : 2.269671 Moved
1 : 30, -5.670811, 30, -13.08931, 30, 36.0474, 29.30637, -13.08931
2 : 29.17628, -55.98637, 28.07837, -46.15841, 30, -60, 30, -46.15841
3 : 29.78699, -25.0581, 27.94907, -21.43888, 30, 6.078454, 29.02835, -21.43888
4 : 29.50641, -10.96067, 29.69169, 32.31584, 30, 35.61996, 30, 32.31584

16 Genetic : 2.218112 Moved
1 : 30, -5.670811, 30, -13.08931, 30, 36.0474, 29.30637, -13.08931
2 : 29.17628, -55.98637, 28.07837, -46.15841, 30, -60, 30, -46.15841
3 : 29.78699, -25.0581, 27.94907, -21.43888, 30, 6.078454, 29.02835, -21.43888
4 : 29.50641, -10.96067, 29.69169, 32.31584, 30, 35.61996, 30, 32.31584

17 Genetic : 2.212025 Moved
1 : 30, -5.670811, 30, -13.08931, 30, 36.0474, 29.30637, -13.08931
2 : 29.17628, -55.98637, 28.07837, -46.15841, 30, -60, 30, -46.15841
3 : 29.78699, -25.0581, 27.94907, -21.43888, 30, 6.078454, 29.02835, -21.43888
4 : 29.50641, -10.96067, 29.69169, 32.31584, 30, 35.61996, 30, 32.31584

18 Genetic : 2.191931 Moved
1 : 30, -5.670811, 30, -13.08931, 30, 36.0474, 29.30637, -13.08931
2 : 29.17628, -55.98637, 28.07837, -46.15841, 30, -60, 30, -46.15841
3 : 29.78699, -25.0581, 27.94907, -21.43888, 30, 6.078454, 29.02835, -21.43888
4 : 29.50641, -10.96067, 29.69169, 32.31584, 30, 35.61996, 30, 32.31584

19 Genetic : 2.152163 Moved
1 : 30, -5.670811, 30, -13.08931, 30, 36.0474, 29.30637, -13.08931
2 : 29.17628, -55.98637, 28.07837, -46.15841, 30, -60, 30, -46.15841
3 : 29.78699, -25.0581, 27.94907, -21.43888, 30, 6.078454, 29.02835, -21.43888
4 : 29.50641, -10.96067, 29.69169, 32.31584, 30, 35.61996, 30, 32.31584

20 Genetic : 2.092479 Moved
1 : 30, -5.670811, 30, -13.08931, 30, 36.0474, 29.30637, -13.08931
2 : 29.17628, -55.98637, 28.07837, -46.15841, 30, -60, 30, -46.15841
3 : 29.78699, -25.0581, 27.94907, -21.43888, 30, 6.078454, 29.02835, -21.43888
4 : 29.50641, -10.96067, 29.69169, 32.31584, 30, 35.61996, 30, 32.31584

21 Genetic : 2.059103 Moved
1 : 30, -5.670811, 30, -13.08931, 30, 36.0474, 29.30637, -13.08931
2 : 29.17628, -55.98637, 28.07837, -46.15841, 30, -60, 30, -46.15841
3 : 29.78699, -25.0581, 27.94907, -21.43888, 30, 6.078454, 29.02835, -21.43888
4 : 29.50641, -10.96067, 29.69169, 32.31584, 30, 35.61996, 30, 32.31584

22 Genetic : 2.02766 Moved
1 : 30, -5.670811, 30, -13.08931, 30, 36.0474, 29.30637, -13.08931
2 : 29.17628, -55.98637, 28.07837, -46.15841, 30, -60, 30, -46.15841
3 : 29.78699, -25.0581, 27.94907, -21.43888, 30, 6.078454, 29.02835, -21.43888
4 : 29.50641, -10.96067, 29.69169, 32.31584, 30, 35.61996, 30, 32.31584

23 Genetic : 2.013235 Moved
1 : 30, -5.670811, 30, -13.08931, 30, 36.0474, 29.30637, -13.08931
2 : 29.17628, -55.98637, 28.07837, -46.15841, 30, -60, 30, -46.15841
3 : 29.78699, -25.0581, 27.94907, -21.43888, 30, 6.078454, 29.02835, -21.43888
4 : 29.50641, -10.96067, 29.69169, 32.31584, 30, 35.61996, 30, 32.31584

24 Genetic : 2.003033 Moved
1 : 30, -5.670811, 30, -13.08931, 30, 36.0474, 29.30637, -13.08931
2 : 29.17628, -55.98637, 28.07837, -46.15841, 30, -60, 30, -46.15841
3 : 29.78699, -25.0581, 27.94907, -21.43888, 30, 6.078454, 29.02835, -21.43888
4 : 29.50641, -10.96067, 29.69169, 32.31584, 30, 35.61996, 30, 32.31584

25 Genetic : 1.90119 Moved
1 : 30, -5.670811, 30, -13.08931, 30, 36.0474, 29.30637, -13.08931
2 : 29.17628, -55.98637, 28.07837, -46.15841, 30, -60, 30, -46.15841
3 : 29.78699, -25.0581, 27.94907, -21.43888, 30, 6.078454, 29.02835, -21.43888
4 : 29.50641, -10.96067, 29.69169, 32.31584, 30, 35.61996, 30, 32.31584

26 Genetic : 1.898292 Moved
1 : 30, -5.670811, 30, -13.08931, 30, 36.0474, 29.30637, -13.08931
2 : 29.17628, -55.98637, 28.07837, -46.15841, 30, -60, 30, -46.15841
3 : 29.78699, -25.0581, 27.94907, -21.43888, 30, 6.078454, 29.02835, -21.43888
4 : 29.50641, -10.96067, 29.69169, 32.31584, 30, 35.61996, 30, 32.31584

27 Genetic : 1.876743 Moved
1 : 30, -5.670811, 30, -13.08931, 30, 36.0474, 29.30637, -13.08931
2 : 29.17628, -55.98637, 28.07837, -46.15841, 30, -60, 30, -46.15841
3 : 29.78699, -25.0581, 27.94907, -21.43888, 30, 6.078454, 29.02835, -21.43888
4 : 29.50641, -10.96067, 29.69169, 32.31584, 30, 35.61996, 30, 32.31584

28 Genetic : 1.860964 Moved
1 : 30, -5.670811, 30, -13.08931, 30, 36.0474, 29.30637, -13.08931
2 : 29.17628, -55.98637, 28.07837, -46.15841, 30, -60, 30, -46.15841
3 : 29.78699, -25.0581, 27.94907, -21.43888, 30, 6.078454, 29.02835, -21.43888
4 : 29.50641, -10.96067, 29.69169, 32.31584, 30, 35.61996, 30, 32.31584

29 Genetic : 1.820783 Moved
1 : 30, -5.670811, 30, -13.08931, 30, 36.0474, 29.30637, -13.08931
2 : 29.17628, -55.98637, 28.07837, -46.15841, 30, -60, 30, -46.15841
3 : 29.78699, -25.0581, 27.94907, -21.43888, 30, 6.078454, 29.02835, -21.43888
4 : 29.50641, -10.96067, 29.69169, 32.31584, 30, 35.61996, 30, 32.31584

30 Genetic : 1.806781 Moved
1 : 30, -5.670811, 30, -13.08931, 30, 36.0474, 29.30637, -13.08931
2 : 29.17628, -55.98637, 28.07837, -46.15841, 30, -60, 30, -46.15841
3 : 29.78699, -25.0581, 27.94907, -21.43888, 30, 6.078454, 29.02835, -21.43888
4 : 29.50641, -10.96067, 29.69169, 32.31584, 30, 35.61996, 30, 32.31584

31 Genetic : 1.793945 Moved
1 : 30, -5.670811, 30, -13.08931, 30, 36.0474, 29.30637, -13.08931
2 : 29.17628, -55.98637, 28.07837, -46.15841, 30, -60, 30, -46.15841
3 : 29.78699, -25.0581, 27.94907, -21.43888, 30, 6.078454, 29.02835, -21.43888
4 : 29.50641, -10.96067, 29.69169, 32.31584, 30, 35.61996, 30, 32.31584

32 Genetic : 1.750186 Moved
1 : 30, -5.670811, 30, -13.08931, 30, 36.0474, 29.30637, -13.08931
2 : 29.17628, -55.98637, 28.07837, -46.15841, 30, -60, 30, -46.15841
3 : 29.78699, -25.0581, 27.94907, -21.43888, 30, 6.078454, 29.02835, -21.43888
4 : 29.50641, -10.96067, 29.69169, 32.31584, 30, 35.61996, 30, 32.31584

