1 Genetic : 2.089301 Moved
1 : 29.77617, 2.616971, 30, -36.90099, 29.52443, 20.92014, 30, -36.90099
2 : 29.30733, -52.22257, 30, -6.632768, 29.4592, -59.9205, 30, -6.632768
3 : 30, -48.7914, 30, -43.01249, 30, 33.5532, 30, -43.01249
4 : 30, -17.3092, 29.00791, -8.37042, 29.29863, 31.33051, 28.81639, -8.37042

2 Genetic : 1.95761 Moved
1 : 29.77617, 2.616971, 30, -36.90099, 29.52443, 20.92014, 30, -36.90099
2 : 29.30733, -52.22257, 30, -6.632768, 29.4592, -59.9205, 30, -6.632768
3 : 30, -48.7914, 30, -43.01249, 30, 33.5532, 30, -43.01249
4 : 30, -17.3092, 29.00791, -8.37042, 29.29863, 31.33051, 28.81639, -8.37042

3 Genetic : 1.785566 Moved
1 : 29.77617, 2.616971, 30, -36.90099, 29.52443, 20.92014, 30, -36.90099
2 : 29.30733, -52.22257, 30, -6.632768, 29.4592, -59.9205, 30, -6.632768
3 : 30, -48.7914, 30, -43.01249, 30, 33.5532, 30, -43.01249
4 : 30, -17.3092, 29.00791, -8.37042, 29.29863, 31.33051, 28.81639, -8.37042

4 Genetic : 1.777127 Moved
1 : 29.77617, 2.616971, 30, -36.90099, 29.52443, 20.92014, 30, -36.90099
2 : 29.30733, -52.22257, 30, -6.632768, 29.4592, -59.9205, 30, -6.632768
3 : 30, -48.7914, 30, -43.01249, 30, 33.5532, 30, -43.01249
4 : 30, -17.3092, 29.00791, -8.37042, 29.29863, 31.33051, 28.81639, -8.37042

5 Genetic : 1.758133 Moved
1 : 29.77617, 2.616971, 30, -36.90099, 29.52443, 20.92014, 30, -36.90099
2 : 29.30733, -52.22257, 30, -6.632768, 29.4592, -59.9205, 30, -6.632768
3 : 30, -48.7914, 30, -43.01249, 30, 33.5532, 30, -43.01249
4 : 30, -17.3092, 29.00791, -8.37042, 29.29863, 31.33051, 28.81639, -8.37042

6 Genetic : 1.695671 Moved
1 : 29.77617, 2.616971, 30, -36.90099, 29.52443, 20.92014, 30, -36.90099
2 : 29.30733, -52.22257, 30, -6.632768, 29.4592, -59.9205, 30, -6.632768
3 : 30, -48.7914, 30, -43.01249, 30, 33.5532, 30, -43.01249
4 : 30, -17.3092, 29.00791, -8.37042, 29.29863, 31.33051, 28.81639, -8.37042

7 Genetic : 1.535053 Moved
1 : 29.77617, 2.616971, 30, -36.90099, 29.52443, 20.92014, 30, -36.90099
2 : 29.30733, -52.22257, 30, -6.632768, 29.4592, -59.9205, 30, -6.632768
3 : 30, -48.7914, 30, -43.01249, 30, 33.5532, 30, -43.01249
4 : 30, -17.3092, 29.00791, -8.37042, 29.29863, 31.33051, 28.81639, -8.37042

8 Genetic : 1.500605 Moved
1 : 29.77617, 2.616971, 30, -36.90099, 29.52443, 20.92014, 30, -36.90099
2 : 29.30733, -52.22257, 30, -6.632768, 29.4592, -59.9205, 30, -6.632768
3 : 30, -48.7914, 30, -43.01249, 30, 33.5532, 30, -43.01249
4 : 30, -17.3092, 29.00791, -8.37042, 29.29863, 31.33051, 28.81639, -8.37042

9 Genetic : 1.474869 Moved
1 : 29.77617, 2.616971, 30, -36.90099, 29.52443, 20.92014, 30, -36.90099
2 : 29.30733, -52.22257, 30, -6.632768, 29.4592, -59.9205, 30, -6.632768
3 : 30, -48.7914, 30, -43.01249, 30, 33.5532, 30, -43.01249
4 : 30, -17.3092, 29.00791, -8.37042, 29.29863, 31.33051, 28.81639, -8.37042

10 Genetic : 1.471206 Moved
1 : 29.77617, 2.616971, 30, -36.90099, 29.52443, 20.92014, 30, -36.90099
2 : 29.30733, -52.22257, 30, -6.632768, 29.4592, -59.9205, 30, -6.632768
3 : 30, -48.7914, 30, -43.01249, 30, 33.5532, 30, -43.01249
4 : 30, -17.3092, 29.00791, -8.37042, 29.29863, 31.33051, 28.81639, -8.37042

11 Genetic : 1.43601 Moved
1 : 29.77617, 2.616971, 30, -36.90099, 29.52443, 20.92014, 30, -36.90099
2 : 29.30733, -52.22257, 30, -6.632768, 29.4592, -59.9205, 30, -6.632768
3 : 30, -48.7914, 30, -43.01249, 30, 33.5532, 30, -43.01249
4 : 30, -17.3092, 29.00791, -8.37042, 29.29863, 31.33051, 28.81639, -8.37042

12 Genetic : 1.405922 Moved
1 : 29.77617, 2.616971, 30, -36.90099, 29.52443, 20.92014, 30, -36.90099
2 : 29.30733, -52.22257, 30, -6.632768, 29.4592, -59.9205, 30, -6.632768
3 : 30, -48.7914, 30, -43.01249, 30, 33.5532, 30, -43.01249
4 : 30, -17.3092, 29.00791, -8.37042, 29.29863, 31.33051, 28.81639, -8.37042

13 Genetic : 1.393576 Moved
1 : 29.77617, 2.616971, 30, -36.90099, 29.52443, 20.92014, 30, -36.90099
2 : 29.30733, -52.22257, 30, -6.632768, 29.4592, -59.9205, 30, -6.632768
3 : 30, -48.7914, 30, -43.01249, 30, 33.5532, 30, -43.01249
4 : 30, -17.3092, 29.00791, -8.37042, 29.29863, 31.33051, 28.81639, -8.37042

14 Genetic : 1.326769 Moved
1 : 29.77617, 2.616971, 30, -36.90099, 29.52443, 20.92014, 30, -36.90099
2 : 29.30733, -52.22257, 30, -6.632768, 29.4592, -59.9205, 30, -6.632768
3 : 30, -48.7914, 30, -43.01249, 30, 33.5532, 30, -43.01249
4 : 30, -17.3092, 29.00791, -8.37042, 29.29863, 31.33051, 28.81639, -8.37042

15 Genetic : 1.268794 Moved
1 : 29.77617, 2.616971, 30, -36.90099, 29.52443, 20.92014, 30, -36.90099
2 : 29.30733, -52.22257, 30, -6.632768, 29.4592, -59.9205, 30, -6.632768
3 : 30, -48.7914, 30, -43.01249, 30, 33.5532, 30, -43.01249
4 : 30, -17.3092, 29.00791, -8.37042, 29.29863, 31.33051, 28.81639, -8.37042

16 Genetic : 1.258828 Moved
1 : 29.77617, 2.616971, 30, -36.90099, 29.52443, 20.92014, 30, -36.90099
2 : 29.30733, -52.22257, 30, -6.632768, 29.4592, -59.9205, 30, -6.632768
3 : 30, -48.7914, 30, -43.01249, 30, 33.5532, 30, -43.01249
4 : 30, -17.3092, 29.00791, -8.37042, 29.29863, 31.33051, 28.81639, -8.37042

17 Genetic : 1.25049 Moved
1 : 29.77617, 2.616971, 30, -36.90099, 29.52443, 20.92014, 30, -36.90099
2 : 29.30733, -52.22257, 30, -6.632768, 29.4592, -59.9205, 30, -6.632768
3 : 30, -48.7914, 30, -43.01249, 30, 33.5532, 30, -43.01249
4 : 30, -17.3092, 29.00791, -8.37042, 29.29863, 31.33051, 28.81639, -8.37042

18 Genetic : 1.247329 Moved
1 : 29.77617, 2.616971, 30, -36.90099, 29.52443, 20.92014, 30, -36.90099
2 : 29.30733, -52.22257, 30, -6.632768, 29.4592, -59.9205, 30, -6.632768
3 : 30, -48.7914, 30, -43.01249, 30, 33.5532, 30, -43.01249
4 : 30, -17.3092, 29.00791, -8.37042, 29.29863, 31.33051, 28.81639, -8.37042

19 Genetic : 1.178956 Moved
1 : 29.77617, 2.616971, 30, -36.90099, 29.52443, 20.92014, 30, -36.90099
2 : 29.30733, -52.22257, 30, -6.632768, 29.4592, -59.9205, 30, -6.632768
3 : 30, -48.7914, 30, -43.01249, 30, 33.5532, 30, -43.01249
4 : 30, -17.3092, 29.00791, -8.37042, 29.29863, 31.33051, 28.81639, -8.37042

20 Genetic : 1.152382 Moved
1 : 29.77617, 2.616971, 30, -36.90099, 29.52443, 20.92014, 30, -36.90099
2 : 29.30733, -52.22257, 30, -6.632768, 29.4592, -59.9205, 30, -6.632768
3 : 30, -48.7914, 30, -43.01249, 30, 33.5532, 30, -43.01249
4 : 30, -17.3092, 29.00791, -8.37042, 29.29863, 31.33051, 28.81639, -8.37042

21 Genetic : 1.142706 Moved
1 : 29.77617, 2.616971, 30, -36.90099, 29.52443, 20.92014, 30, -36.90099
2 : 29.30733, -52.22257, 30, -6.632768, 29.4592, -59.9205, 30, -6.632768
3 : 30, -48.7914, 30, -43.01249, 30, 33.5532, 30, -43.01249
4 : 30, -17.3092, 29.00791, -8.37042, 29.29863, 31.33051, 28.81639, -8.37042

22 Genetic : 1.116348 Moved
1 : 29.77617, 2.616971, 30, -36.90099, 29.52443, 20.92014, 30, -36.90099
2 : 29.30733, -52.22257, 30, -6.632768, 29.4592, -59.9205, 30, -6.632768
3 : 30, -48.7914, 30, -43.01249, 30, 33.5532, 30, -43.01249
4 : 30, -17.3092, 29.00791, -8.37042, 29.29863, 31.33051, 28.81639, -8.37042

23 Genetic : 1.078054 Moved
1 : 29.77617, 2.616971, 30, -36.90099, 29.52443, 20.92014, 30, -36.90099
2 : 29.30733, -52.22257, 30, -6.632768, 29.4592, -59.9205, 30, -6.632768
3 : 30, -48.7914, 30, -43.01249, 30, 33.5532, 30, -43.01249
4 : 30, -17.3092, 29.00791, -8.37042, 29.29863, 31.33051, 28.81639, -8.37042

24 Genetic : 1.041512 Moved
1 : 29.77617, 2.616971, 30, -36.90099, 29.52443, 20.92014, 30, -36.90099
2 : 29.30733, -52.22257, 30, -6.632768, 29.4592, -59.9205, 30, -6.632768
3 : 30, -48.7914, 30, -43.01249, 30, 33.5532, 30, -43.01249
4 : 30, -17.3092, 29.00791, -8.37042, 29.29863, 31.33051, 28.81639, -8.37042

25 Genetic : 1.032416 Moved
1 : 29.77617, 2.616971, 30, -36.90099, 29.52443, 20.92014, 30, -36.90099
2 : 29.30733, -52.22257, 30, -6.632768, 29.4592, -59.9205, 30, -6.632768
3 : 30, -48.7914, 30, -43.01249, 30, 33.5532, 30, -43.01249
4 : 30, -17.3092, 29.00791, -8.37042, 29.29863, 31.33051, 28.81639, -8.37042

26 Genetic : 1.03168 Moved
1 : 29.77617, 2.616971, 30, -36.90099, 29.52443, 20.92014, 30, -36.90099
2 : 29.30733, -52.22257, 30, -6.632768, 29.4592, -59.9205, 30, -6.632768
3 : 30, -48.7914, 30, -43.01249, 30, 33.5532, 30, -43.01249
4 : 30, -17.3092, 29.00791, -8.37042, 29.29863, 31.33051, 28.81639, -8.37042

27 Genetic : 0.9679299 Moved
1 : 29.77617, 2.616971, 30, -36.90099, 29.52443, 20.92014, 30, -36.90099
2 : 29.30733, -52.22257, 30, -6.632768, 29.4592, -59.9205, 30, -6.632768
3 : 30, -48.7914, 30, -43.01249, 30, 33.5532, 30, -43.01249
4 : 30, -17.3092, 29.00791, -8.37042, 29.29863, 31.33051, 28.81639, -8.37042

28 Genetic : 0.9586634 Moved
1 : 29.77617, 2.616971, 30, -36.90099, 29.52443, 20.92014, 30, -36.90099
2 : 29.30733, -52.22257, 30, -6.632768, 29.4592, -59.9205, 30, -6.632768
3 : 30, -48.7914, 30, -43.01249, 30, 33.5532, 30, -43.01249
4 : 30, -17.3092, 29.00791, -8.37042, 29.29863, 31.33051, 28.81639, -8.37042

29 Genetic : 0.9458571 Moved
1 : 29.77617, 2.616971, 30, -36.90099, 29.52443, 20.92014, 30, -36.90099
2 : 29.30733, -52.22257, 30, -6.632768, 29.4592, -59.9205, 30, -6.632768
3 : 30, -48.7914, 30, -43.01249, 30, 33.5532, 30, -43.01249
4 : 30, -17.3092, 29.00791, -8.37042, 29.29863, 31.33051, 28.81639, -8.37042

30 Genetic : 0.9185062 Moved
1 : 29.77617, 2.616971, 30, -36.90099, 29.52443, 20.92014, 30, -36.90099
2 : 29.30733, -52.22257, 30, -6.632768, 29.4592, -59.9205, 30, -6.632768
3 : 30, -48.7914, 30, -43.01249, 30, 33.5532, 30, -43.01249
4 : 30, -17.3092, 29.00791, -8.37042, 29.29863, 31.33051, 28.81639, -8.37042

31 Genetic : 0.9172302 Moved
1 : 29.77617, 2.616971, 30, -36.90099, 29.52443, 20.92014, 30, -36.90099
2 : 29.30733, -52.22257, 30, -6.632768, 29.4592, -59.9205, 30, -6.632768
3 : 30, -48.7914, 30, -43.01249, 30, 33.5532, 30, -43.01249
4 : 30, -17.3092, 29.00791, -8.37042, 29.29863, 31.33051, 28.81639, -8.37042

32 Genetic : 0.8821995 Moved
1 : 29.77617, 2.616971, 30, -36.90099, 29.52443, 20.92014, 30, -36.90099
2 : 29.30733, -52.22257, 30, -6.632768, 29.4592, -59.9205, 30, -6.632768
3 : 30, -48.7914, 30, -43.01249, 30, 33.5532, 30, -43.01249
4 : 30, -17.3092, 29.00791, -8.37042, 29.29863, 31.33051, 28.81639, -8.37042

