1 Genetic : 14.4022 Moved
1 : 7.721333, 12.95508, 7.550085, -10.28468, -12.99356, -8.023733, -8.534025, -10.28468
2 : 11.15513, -36.32188, -1.985849, -28.08614, 26.39295, -20.29288, -9.46811, -28.08614
3 : 22.96509, 23.75526, 24.74253, -15.21237, 9.808382, -36.45029, -14.91041, -15.21237
4 : 28.61147, -38.15453, 21.54884, 10.80915, 21.98052, 45.61263, 7.496328, 10.80915

2 Genetic : 14.24547 Moved
1 : 7.721333, 12.95508, 7.550085, -10.28468, -12.99356, -8.023733, -8.534025, -10.28468
2 : 11.15513, -36.32188, -1.985849, -28.08614, 26.39295, -20.29288, -9.46811, -28.08614
3 : 22.96509, 23.75526, 24.74253, -15.21237, 9.808382, -36.45029, -14.91041, -15.21237
4 : 28.61147, -38.15453, 21.54884, 10.80915, 21.98052, 45.61263, 7.496328, 10.80915

3 Genetic : 14.19046 Moved
1 : 7.721333, 12.95508, 7.550085, -10.28468, -12.99356, -8.023733, -8.534025, -10.28468
2 : 11.15513, -36.32188, -1.985849, -28.08614, 26.39295, -20.29288, -9.46811, -28.08614
3 : 22.96509, 23.75526, 24.74253, -15.21237, 9.808382, -36.45029, -14.91041, -15.21237
4 : 28.61147, -38.15453, 21.54884, 10.80915, 21.98052, 45.61263, 7.496328, 10.80915

4 Genetic : 14.16739 Moved
1 : 7.721333, 12.95508, 7.550085, -10.28468, -12.99356, -8.023733, -8.534025, -10.28468
2 : 11.15513, -36.32188, -1.985849, -28.08614, 26.39295, -20.29288, -9.46811, -28.08614
3 : 22.96509, 23.75526, 24.74253, -15.21237, 9.808382, -36.45029, -14.91041, -15.21237
4 : 28.61147, -38.15453, 21.54884, 10.80915, 21.98052, 45.61263, 7.496328, 10.80915

5 Genetic : 14.12681 Moved
1 : 7.721333, 12.95508, 7.550085, -10.28468, -12.99356, -8.023733, -8.534025, -10.28468
2 : 11.15513, -36.32188, -1.985849, -28.08614, 26.39295, -20.29288, -9.46811, -28.08614
3 : 22.96509, 23.75526, 24.74253, -15.21237, 9.808382, -36.45029, -14.91041, -15.21237
4 : 28.61147, -38.15453, 21.54884, 10.80915, 21.98052, 45.61263, 7.496328, 10.80915

6 Genetic : 13.96071 Moved
1 : 7.721333, 12.95508, 7.550085, -10.28468, -12.99356, -8.023733, -8.534025, -10.28468
2 : 11.15513, -36.32188, -1.985849, -28.08614, 26.39295, -20.29288, -9.46811, -28.08614
3 : 22.96509, 23.75526, 24.74253, -15.21237, 9.808382, -36.45029, -14.91041, -15.21237
4 : 28.61147, -38.15453, 21.54884, 10.80915, 21.98052, 45.61263, 7.496328, 10.80915

7 Genetic : 13.92164 Moved
1 : 7.721333, 12.95508, 7.550085, -10.28468, -12.99356, -8.023733, -8.534025, -10.28468
2 : 11.15513, -36.32188, -1.985849, -28.08614, 26.39295, -20.29288, -9.46811, -28.08614
3 : 22.96509, 23.75526, 24.74253, -15.21237, 9.808382, -36.45029, -14.91041, -15.21237
4 : 28.61147, -38.15453, 21.54884, 10.80915, 21.98052, 45.61263, 7.496328, 10.80915

8 Genetic : 13.86656 Moved
1 : 7.721333, 12.95508, 7.550085, -10.28468, -12.99356, -8.023733, -8.534025, -10.28468
2 : 11.15513, -36.32188, -1.985849, -28.08614, 26.39295, -20.29288, -9.46811, -28.08614
3 : 22.96509, 23.75526, 24.74253, -15.21237, 9.808382, -36.45029, -14.91041, -15.21237
4 : 28.61147, -38.15453, 21.54884, 10.80915, 21.98052, 45.61263, 7.496328, 10.80915

9 Genetic : 13.74775 Moved
1 : 7.721333, 12.95508, 7.550085, -10.28468, -12.99356, -8.023733, -8.534025, -10.28468
2 : 11.15513, -36.32188, -1.985849, -28.08614, 26.39295, -20.29288, -9.46811, -28.08614
3 : 22.96509, 23.75526, 24.74253, -15.21237, 9.808382, -36.45029, -14.91041, -15.21237
4 : 28.61147, -38.15453, 21.54884, 10.80915, 21.98052, 45.61263, 7.496328, 10.80915

10 Genetic : 13.63215 Moved
1 : 7.721333, 12.95508, 7.550085, -10.28468, -12.99356, -8.023733, -8.534025, -10.28468
2 : 11.15513, -36.32188, -1.985849, -28.08614, 26.39295, -20.29288, -9.46811, -28.08614
3 : 22.96509, 23.75526, 24.74253, -15.21237, 9.808382, -36.45029, -14.91041, -15.21237
4 : 28.61147, -38.15453, 21.54884, 10.80915, 21.98052, 45.61263, 7.496328, 10.80915

11 Genetic : 13.56544 Moved
1 : 7.721333, 12.95508, 7.550085, -10.28468, -12.99356, -8.023733, -8.534025, -10.28468
2 : 11.15513, -36.32188, -1.985849, -28.08614, 26.39295, -20.29288, -9.46811, -28.08614
3 : 22.96509, 23.75526, 24.74253, -15.21237, 9.808382, -36.45029, -14.91041, -15.21237
4 : 28.61147, -38.15453, 21.54884, 10.80915, 21.98052, 45.61263, 7.496328, 10.80915

12 Genetic : 13.45587 Moved
1 : 7.721333, 12.95508, 7.550085, -10.28468, -12.99356, -8.023733, -8.534025, -10.28468
2 : 11.15513, -36.32188, -1.985849, -28.08614, 26.39295, -20.29288, -9.46811, -28.08614
3 : 22.96509, 23.75526, 24.74253, -15.21237, 9.808382, -36.45029, -14.91041, -15.21237
4 : 28.61147, -38.15453, 21.54884, 10.80915, 21.98052, 45.61263, 7.496328, 10.80915

13 Genetic : 13.33574 Moved
1 : 7.721333, 12.95508, 7.550085, -10.28468, -12.99356, -8.023733, -8.534025, -10.28468
2 : 11.15513, -36.32188, -1.985849, -28.08614, 26.39295, -20.29288, -9.46811, -28.08614
3 : 22.96509, 23.75526, 24.74253, -15.21237, 9.808382, -36.45029, -14.91041, -15.21237
4 : 28.61147, -38.15453, 21.54884, 10.80915, 21.98052, 45.61263, 7.496328, 10.80915

14 Genetic : 13.28059 Moved
1 : 7.721333, 12.95508, 7.550085, -10.28468, -12.99356, -8.023733, -8.534025, -10.28468
2 : 11.15513, -36.32188, -1.985849, -28.08614, 26.39295, -20.29288, -9.46811, -28.08614
3 : 22.96509, 23.75526, 24.74253, -15.21237, 9.808382, -36.45029, -14.91041, -15.21237
4 : 28.61147, -38.15453, 21.54884, 10.80915, 21.98052, 45.61263, 7.496328, 10.80915

15 Genetic : 13.27011 Moved
1 : 7.721333, 12.95508, 7.550085, -10.28468, -12.99356, -8.023733, -8.534025, -10.28468
2 : 11.15513, -36.32188, -1.985849, -28.08614, 26.39295, -20.29288, -9.46811, -28.08614
3 : 22.96509, 23.75526, 24.74253, -15.21237, 9.808382, -36.45029, -14.91041, -15.21237
4 : 28.61147, -38.15453, 21.54884, 10.80915, 21.98052, 45.61263, 7.496328, 10.80915

16 Genetic : 13.05572 Moved
1 : 7.721333, 12.95508, 7.550085, -10.28468, -12.99356, -8.023733, -8.534025, -10.28468
2 : 11.15513, -36.32188, -1.985849, -28.08614, 26.39295, -20.29288, -9.46811, -28.08614
3 : 22.96509, 23.75526, 24.74253, -15.21237, 9.808382, -36.45029, -14.91041, -15.21237
4 : 28.61147, -38.15453, 21.54884, 10.80915, 21.98052, 45.61263, 7.496328, 10.80915

17 Genetic : 13.00192 Moved
1 : 7.721333, 12.95508, 7.550085, -10.28468, -12.99356, -8.023733, -8.534025, -10.28468
2 : 11.15513, -36.32188, -1.985849, -28.08614, 26.39295, -20.29288, -9.46811, -28.08614
3 : 22.96509, 23.75526, 24.74253, -15.21237, 9.808382, -36.45029, -14.91041, -15.21237
4 : 28.61147, -38.15453, 21.54884, 10.80915, 21.98052, 45.61263, 7.496328, 10.80915

18 Genetic : 12.94665 Moved
1 : 7.721333, 12.95508, 7.550085, -10.28468, -12.99356, -8.023733, -8.534025, -10.28468
2 : 11.15513, -36.32188, -1.985849, -28.08614, 26.39295, -20.29288, -9.46811, -28.08614
3 : 22.96509, 23.75526, 24.74253, -15.21237, 9.808382, -36.45029, -14.91041, -15.21237
4 : 28.61147, -38.15453, 21.54884, 10.80915, 21.98052, 45.61263, 7.496328, 10.80915

19 Genetic : 12.9372 Moved
1 : 7.721333, 12.95508, 7.550085, -10.28468, -12.99356, -8.023733, -8.534025, -10.28468
2 : 11.15513, -36.32188, -1.985849, -28.08614, 26.39295, -20.29288, -9.46811, -28.08614
3 : 22.96509, 23.75526, 24.74253, -15.21237, 9.808382, -36.45029, -14.91041, -15.21237
4 : 28.61147, -38.15453, 21.54884, 10.80915, 21.98052, 45.61263, 7.496328, 10.80915

20 Genetic : 12.90985 Moved
1 : 7.721333, 12.95508, 7.550085, -10.28468, -12.99356, -8.023733, -8.534025, -10.28468
2 : 11.15513, -36.32188, -1.985849, -28.08614, 26.39295, -20.29288, -9.46811, -28.08614
3 : 22.96509, 23.75526, 24.74253, -15.21237, 9.808382, -36.45029, -14.91041, -15.21237
4 : 28.61147, -38.15453, 21.54884, 10.80915, 21.98052, 45.61263, 7.496328, 10.80915

21 Genetic : 12.89079 Moved
1 : 7.721333, 12.95508, 7.550085, -10.28468, -12.99356, -8.023733, -8.534025, -10.28468
2 : 11.15513, -36.32188, -1.985849, -28.08614, 26.39295, -20.29288, -9.46811, -28.08614
3 : 22.96509, 23.75526, 24.74253, -15.21237, 9.808382, -36.45029, -14.91041, -15.21237
4 : 28.61147, -38.15453, 21.54884, 10.80915, 21.98052, 45.61263, 7.496328, 10.80915

22 Genetic : 12.87242 Moved
1 : 7.721333, 12.95508, 7.550085, -10.28468, -12.99356, -8.023733, -8.534025, -10.28468
2 : 11.15513, -36.32188, -1.985849, -28.08614, 26.39295, -20.29288, -9.46811, -28.08614
3 : 22.96509, 23.75526, 24.74253, -15.21237, 9.808382, -36.45029, -14.91041, -15.21237
4 : 28.61147, -38.15453, 21.54884, 10.80915, 21.98052, 45.61263, 7.496328, 10.80915

23 Genetic : 12.85345 Moved
1 : 7.721333, 12.95508, 7.550085, -10.28468, -12.99356, -8.023733, -8.534025, -10.28468
2 : 11.15513, -36.32188, -1.985849, -28.08614, 26.39295, -20.29288, -9.46811, -28.08614
3 : 22.96509, 23.75526, 24.74253, -15.21237, 9.808382, -36.45029, -14.91041, -15.21237
4 : 28.61147, -38.15453, 21.54884, 10.80915, 21.98052, 45.61263, 7.496328, 10.80915

24 Genetic : 12.78353 Moved
1 : 7.721333, 12.95508, 7.550085, -10.28468, -12.99356, -8.023733, -8.534025, -10.28468
2 : 11.15513, -36.32188, -1.985849, -28.08614, 26.39295, -20.29288, -9.46811, -28.08614
3 : 22.96509, 23.75526, 24.74253, -15.21237, 9.808382, -36.45029, -14.91041, -15.21237
4 : 28.61147, -38.15453, 21.54884, 10.80915, 21.98052, 45.61263, 7.496328, 10.80915

25 Genetic : 12.74295 Moved
1 : 7.721333, 12.95508, 7.550085, -10.28468, -12.99356, -8.023733, -8.534025, -10.28468
2 : 11.15513, -36.32188, -1.985849, -28.08614, 26.39295, -20.29288, -9.46811, -28.08614
3 : 22.96509, 23.75526, 24.74253, -15.21237, 9.808382, -36.45029, -14.91041, -15.21237
4 : 28.61147, -38.15453, 21.54884, 10.80915, 21.98052, 45.61263, 7.496328, 10.80915

26 Genetic : 12.71525 Moved
1 : 7.721333, 12.95508, 7.550085, -10.28468, -12.99356, -8.023733, -8.534025, -10.28468
2 : 11.15513, -36.32188, -1.985849, -28.08614, 26.39295, -20.29288, -9.46811, -28.08614
3 : 22.96509, 23.75526, 24.74253, -15.21237, 9.808382, -36.45029, -14.91041, -15.21237
4 : 28.61147, -38.15453, 21.54884, 10.80915, 21.98052, 45.61263, 7.496328, 10.80915

27 Genetic : 12.66827 Moved
1 : 7.721333, 12.95508, 7.550085, -10.28468, -12.99356, -8.023733, -8.534025, -10.28468
2 : 11.15513, -36.32188, -1.985849, -28.08614, 26.39295, -20.29288, -9.46811, -28.08614
3 : 22.96509, 23.75526, 24.74253, -15.21237, 9.808382, -36.45029, -14.91041, -15.21237
4 : 28.61147, -38.15453, 21.54884, 10.80915, 21.98052, 45.61263, 7.496328, 10.80915

28 Genetic : 12.61566 Moved
1 : 7.721333, 12.95508, 7.550085, -10.28468, -12.99356, -8.023733, -8.534025, -10.28468
2 : 11.15513, -36.32188, -1.985849, -28.08614, 26.39295, -20.29288, -9.46811, -28.08614
3 : 22.96509, 23.75526, 24.74253, -15.21237, 9.808382, -36.45029, -14.91041, -15.21237
4 : 28.61147, -38.15453, 21.54884, 10.80915, 21.98052, 45.61263, 7.496328, 10.80915

29 Genetic : 12.57572 Moved
1 : 7.721333, 12.95508, 7.550085, -10.28468, -12.99356, -8.023733, -8.534025, -10.28468
2 : 11.15513, -36.32188, -1.985849, -28.08614, 26.39295, -20.29288, -9.46811, -28.08614
3 : 22.96509, 23.75526, 24.74253, -15.21237, 9.808382, -36.45029, -14.91041, -15.21237
4 : 28.61147, -38.15453, 21.54884, 10.80915, 21.98052, 45.61263, 7.496328, 10.80915

30 Genetic : 12.57326 Moved
1 : 7.721333, 12.95508, 7.550085, -10.28468, -12.99356, -8.023733, -8.534025, -10.28468
2 : 11.15513, -36.32188, -1.985849, -28.08614, 26.39295, -20.29288, -9.46811, -28.08614
3 : 22.96509, 23.75526, 24.74253, -15.21237, 9.808382, -36.45029, -14.91041, -15.21237
4 : 28.61147, -38.15453, 21.54884, 10.80915, 21.98052, 45.61263, 7.496328, 10.80915

31 Genetic : 12.56304 Moved
1 : 7.721333, 12.95508, 7.550085, -10.28468, -12.99356, -8.023733, -8.534025, -10.28468
2 : 11.15513, -36.32188, -1.985849, -28.08614, 26.39295, -20.29288, -9.46811, -28.08614
3 : 22.96509, 23.75526, 24.74253, -15.21237, 9.808382, -36.45029, -14.91041, -15.21237
4 : 28.61147, -38.15453, 21.54884, 10.80915, 21.98052, 45.61263, 7.496328, 10.80915

32 Genetic : 12.47911 Moved
1 : 7.721333, 12.95508, 7.550085, -10.28468, -12.99356, -8.023733, -8.534025, -10.28468
2 : 11.15513, -36.32188, -1.985849, -28.08614, 26.39295, -20.29288, -9.46811, -28.08614
3 : 22.96509, 23.75526, 24.74253, -15.21237, 9.808382, -36.45029, -14.91041, -15.21237
4 : 28.61147, -38.15453, 21.54884, 10.80915, 21.98052, 45.61263, 7.496328, 10.80915

